config:
  batch_size: 344
  latent_dim: 133
  min_delta: 0.044
  temperature_head: 0.30000000000000004
score: 0.8764285714285714
