config:
  min_delta: 0.009000000000000001
  temperature: 0.1
score: 0.8509523809523809
