config:
  batch_size: 133
  latent_dim: 189
  min_delta: 0.394
  temperature_head: 0.30000000000000004
score: 0.8852941176470588
