config:
  batch_size: 416
  latent_dim: 227
  min_delta: 0.28200000000000003
  temperature_head: 0.6000000000000001
score: 0.6934272300469484
