config:
  batch_size: 140
  latent_dim: 82
  min_delta: 0.017
  temperature: 0.30000000000000004
score: 0.8367647058823529
