config:
  batch_size: 128
  latent_dim: 545
  min_delta: 0.713
  temperature_head: 1.9000000000000001
  transform_funcs: !!python/tuple
  - 9
score: 0.8794117647058823
