config:
  batch_size: 137
  latent_dim: 49
  min_delta: 0.009000000000000001
  temperature_head: 0.1
score: 0.7194835680751173
