config:
  batch_size: 165
  latent_dim: 69
  min_delta: 0.002
  temperature: 0.30000000000000004
score: 0.7776190476190477
