config:
  batch_size: 144
  latent_dim: 216
  min_delta: 0.046
  temperature_head: 0.6000000000000001
  transform_funcs: !!python/tuple
  - 0
score: 0.8676470588235294
