config:
  batch_size: 478
  latent_dim: 238
  min_delta: 0.45
  temperature_head: 0.7000000000000001
score: 0.6946009389671362
