config:
  batch_size: 133
  latent_dim: 191
  min_delta: 0.491
  temperature_head: 0.7000000000000001
  transform_funcs: !!python/tuple
  - 7
score: 0.8705882352941177
