config:
  batch_size: 293
  latent_dim: 136
  min_delta: 0.23500000000000001
  temperature: 0.1
score: 0.7274647887323944
