config:
  batch_size: 144
  latent_dim: 177
  min_delta: 0.483
  temperature_head: 0.30000000000000004
score: 0.888235294117647
