config:
  batch_size: 135
  latent_dim: 43
  min_delta: 0.462
  temperature_head: 0.30000000000000004
score: 0.8979411764705881
