config:
  batch_size: 160
  latent_dim: 304
  min_delta: 0.026000000000000002
  temperature: 0.30000000000000004
  transform_funcs: !!python/tuple
  - 1
score: 0.7991176470588235
