config:
  batch_size: 155
  latent_dim: 83
  min_delta: 0.009000000000000001
  temperature: 0.4
  transform_funcs: !!python/tuple
  - 1
score: 0.8232352941176471
