config:
  batch_size: 268
  latent_dim: 596
  min_delta: 0.018000000000000002
  temperature_head: 0.7000000000000001
score: 0.6960093896713616
