config:
  batch_size: 300
  latent_dim: 16
  min_delta: 0.5710000000000001
  temperature_head: 0.1
score: 0.8788095238095238
