config:
  batch_size: 247
  latent_dim: 46
  min_delta: 0.211
  temperature_head: 0.6000000000000001
score: 0.6915492957746479
