config:
  batch_size: 165
  latent_dim: 323
  min_delta: 0.065
  temperature_head: 0.7000000000000001
score: 0.8794117647058823
