config:
  batch_size: 134
  latent_dim: 85
  min_delta: 0.036000000000000004
  temperature_head: 0.6000000000000001
score: 0.861764705882353
