config:
  batch_size: 131
  latent_dim: 52
  min_delta: 0.001
  temperature: 0.30000000000000004
score: 0.7838095238095237
