config:
  batch_size: 322
  latent_dim: 107
  min_delta: 0.08600000000000001
  temperature: 0.1
score: 0.7566101694915254
