config:
  batch_size: 181
  latent_dim: 363
  min_delta: 0.018000000000000002
  temperature: 0.1
score: 0.7098591549295775
