config:
  batch_size: 196
  min_delta: 0.018000000000000002
  temperature: 0.30000000000000004
score: 0.828235294117647
