iteration,trial_id,score,config
1034,a35a22c6,0.7165532879818595,"{'temperature_head': 0.4, 'latent_dim': 97, 'batch_size': 298, 'transform_funcs': (6, 7, 9)}"
1155,02556a9d,0.6882086167800453,"{'temperature_head': 0.5, 'latent_dim': 236, 'batch_size': 317, 'transform_funcs': (5, 6, 8)}"
1450,8c5e523f,0.7001700680272108,"{'temperature_head': 0.4, 'latent_dim': 169, 'batch_size': 470, 'transform_funcs': (3, 7, 10)}"
1460,dfe41a00,0.7210884353741497,"{'temperature_head': 0.8, 'latent_dim': 24, 'batch_size': 469, 'transform_funcs': (4, 9, 11)}"
1573,a8d7b860,0.7029478458049887,"{'temperature_head': 0.7000000000000001, 'latent_dim': 216, 'batch_size': 280, 'transform_funcs': (3, 5, 7)}"
1633,eb489a38,0.6882086167800453,"{'temperature_head': 0.8, 'latent_dim': 242, 'batch_size': 450, 'transform_funcs': (0, 6, 10)}"
1964,082b9af1,0.7069160997732427,"{'temperature_head': 0.6000000000000001, 'latent_dim': 103, 'batch_size': 334, 'transform_funcs': (0, 3, 7)}"
2026,a3fa32b6,0.7165532879818595,"{'temperature_head': 0.9, 'latent_dim': 42, 'batch_size': 436, 'transform_funcs': (1, 6, 9)}"
2347,f488df40,0.7006802721088435,"{'temperature_head': 0.7000000000000001, 'latent_dim': 163, 'batch_size': 483, 'transform_funcs': (0, 1, 2)}"
2430,24b3f82b,0.7016439909297053,"{'temperature_head': 0.30000000000000004, 'latent_dim': 105, 'batch_size': 378, 'transform_funcs': (1, 3, 4)}"
2483,3158918a,0.7097505668934241,"{'temperature_head': 0.6000000000000001, 'latent_dim': 144, 'batch_size': 459, 'transform_funcs': (6, 7, 11)}"
2802,9cf834c0,0.7409297052154195,"{'temperature_head': 0.9, 'latent_dim': 153, 'batch_size': 277, 'transform_funcs': (3, 6, 10)}"
2897,f0c89326,0.6859410430839002,"{'temperature_head': 0.1, 'latent_dim': 91, 'batch_size': 348, 'transform_funcs': (0, 1, 7)}"
3057,d42d4e32,0.7069160997732427,"{'temperature_head': 0.5, 'latent_dim': 81, 'batch_size': 320, 'transform_funcs': (2, 3, 11)}"
3379,f9bd4bfe,0.6944444444444444,"{'temperature_head': 0.6000000000000001, 'latent_dim': 147, 'batch_size': 472, 'transform_funcs': (4, 10, 11)}"
3585,ef9dc06f,0.7148526077097506,"{'temperature_head': 0.2, 'latent_dim': 106, 'batch_size': 160, 'transform_funcs': (0, 8, 9)}"
3835,b18285ce,0.7290249433106576,"{'temperature_head': 0.7000000000000001, 'latent_dim': 247, 'batch_size': 454, 'transform_funcs': (5, 7, 9)}"
3961,30b9b566,0.7205215419501134,"{'temperature_head': 0.8, 'latent_dim': 179, 'batch_size': 468, 'transform_funcs': (9, 10, 11)}"
4009,8f77c2fa,0.7267573696145124,"{'temperature_head': 1.0, 'latent_dim': 10, 'batch_size': 244, 'transform_funcs': (3, 5, 9)}"
4136,cde5e7a8,0.7091836734693877,"{'temperature_head': 1.0, 'latent_dim': 3, 'batch_size': 378, 'transform_funcs': (6, 7, 8)}"
4189,57dfac78,0.7114512471655329,"{'temperature_head': 0.4, 'latent_dim': 94, 'batch_size': 216, 'transform_funcs': (5, 10, 11)}"
4290,2faac592,0.7091836734693877,"{'temperature_head': 0.30000000000000004, 'latent_dim': 236, 'batch_size': 452, 'transform_funcs': (0, 5, 10)}"
4611,26dda575,-0.1,"{'temperature_head': 0.8, 'latent_dim': 256, 'batch_size': 200, 'transform_funcs': (3, 9, 11)}"
4938,bd822cc6,0.7063492063492064,"{'temperature_head': 0.9, 'latent_dim': 205, 'batch_size': 167, 'transform_funcs': (0, 1, 8)}"
5059,8e9921a7,0.687641723356009,"{'temperature_head': 0.9, 'latent_dim': 270, 'batch_size': 406, 'transform_funcs': (3, 6, 10)}"
5180,a3761189,0.7094104308390022,"{'temperature_head': 1.0, 'latent_dim': 192, 'batch_size': 245, 'transform_funcs': (2, 3, 7)}"
5239,43f3e3c5,0.691609977324263,"{'temperature_head': 0.9, 'latent_dim': 58, 'batch_size': 265, 'transform_funcs': (5, 6, 11)}"
5420,2a6c71da,0.7063492063492064,"{'temperature_head': 0.7000000000000001, 'latent_dim': 269, 'batch_size': 510, 'transform_funcs': (3, 10, 11)}"
5469,650b9aa4,-0.1,"{'temperature_head': 0.9, 'latent_dim': 183, 'batch_size': 190, 'transform_funcs': (3, 6, 10)}"
5823,8ec9e498,0.703514739229025,"{'temperature_head': 0.7000000000000001, 'latent_dim': 124, 'batch_size': 414, 'transform_funcs': (0, 4, 7)}"
5981,c56b31d3,0.721655328798186,"{'temperature_head': 0.8, 'latent_dim': 125, 'batch_size': 299, 'transform_funcs': (5, 7, 9)}"
6013,83a63cb7,0.6950113378684807,"{'temperature_head': 0.5, 'latent_dim': 219, 'batch_size': 510, 'transform_funcs': (4, 7, 9)}"
6204,016c6272,0.6791383219954649,"{'temperature_head': 0.7000000000000001, 'latent_dim': 71, 'batch_size': 129, 'transform_funcs': (0, 1, 3)}"
6623,56293578,0.7132086167800453,"{'temperature_head': 0.6000000000000001, 'latent_dim': 233, 'batch_size': 356, 'transform_funcs': (5, 6, 9)}"
6733,b73eaff5,0.6980725623582766,"{'temperature_head': 1.0, 'latent_dim': 166, 'batch_size': 295, 'transform_funcs': (0, 3, 4)}"
6912,ac7c2954,0.6763038548752834,"{'temperature_head': 0.5, 'latent_dim': 209, 'batch_size': 262, 'transform_funcs': (2, 3, 4)}"
7025,cf4a2e10,-0.1,"{'temperature_head': 0.7000000000000001, 'latent_dim': 225, 'batch_size': 317, 'transform_funcs': (1, 5, 9)}"
7133,20e8cae8,0.7086167800453514,"{'temperature_head': 0.8, 'latent_dim': 254, 'batch_size': 229, 'transform_funcs': (4, 5, 7)}"
7298,049e0558,-0.1,"{'temperature_head': 0.7000000000000001, 'latent_dim': 259, 'batch_size': 333, 'transform_funcs': (2, 5, 8)}"
7327,6a8c39bd,0.7069160997732427,"{'temperature_head': 0.4, 'latent_dim': 194, 'batch_size': 414, 'transform_funcs': (6, 9, 11)}"
7528,3253b27e,-0.1,"{'temperature_head': 0.5, 'latent_dim': 246, 'batch_size': 435, 'transform_funcs': (1, 3, 9)}"
7622,51c674a1,0.7103174603174603,"{'temperature_head': 0.9, 'latent_dim': 37, 'batch_size': 493, 'transform_funcs': (0, 7, 10)}"
7676,3319726e,0.7029478458049886,"{'temperature_head': 0.6000000000000001, 'latent_dim': 154, 'batch_size': 371, 'transform_funcs': (0, 2, 7)}"
7739,a925b030,0.7097505668934241,"{'temperature_head': 0.8, 'latent_dim': 129, 'batch_size': 394, 'transform_funcs': (3, 6, 7)}"
7945,6cdd7cab,-0.1,"{'temperature_head': 0.8, 'latent_dim': 175, 'batch_size': 157, 'transform_funcs': (1, 2, 5)}"
8159,87f0b149,-0.1,"{'temperature_head': 0.9, 'latent_dim': 200, 'batch_size': 429, 'transform_funcs': (7, 8, 11)}"
8258,a6a6d692,0.7012471655328798,"{'temperature_head': 1.0, 'latent_dim': 159, 'batch_size': 277, 'transform_funcs': (0, 2, 6)}"
8451,e8ffbcb2,0.7256235827664399,"{'temperature_head': 0.6000000000000001, 'latent_dim': 116, 'batch_size': 302, 'transform_funcs': (0, 4, 11)}"
8482,91c0a9f5,0.7301587301587301,"{'temperature_head': 0.30000000000000004, 'latent_dim': 136, 'batch_size': 356, 'transform_funcs': (0, 7, 11)}"
8742,afeb7036,0.7369614512471655,"{'temperature_head': 0.6000000000000001, 'latent_dim': 24, 'batch_size': 337, 'transform_funcs': (1, 4, 11)}"
8762,f126f533,-0.1,"{'temperature_head': 1.0, 'latent_dim': 186, 'batch_size': 180, 'transform_funcs': (4, 6, 10)}"
9023,e6e2af2c,-0.1,"{'temperature_head': 0.1, 'latent_dim': 140, 'batch_size': 355, 'transform_funcs': (4, 6, 8)}"
9052,c2ab78fb,0.6563492063492063,"{'temperature_head': 0.2, 'latent_dim': 71, 'batch_size': 130, 'transform_funcs': (5, 7, 9)}"
9138,4697e6f5,0.6955782312925171,"{'temperature_head': 0.4, 'latent_dim': 146, 'batch_size': 489, 'transform_funcs': (2, 6, 7)}"
9323,bc565156,0.7018140589569161,"{'temperature_head': 0.8, 'latent_dim': 113, 'batch_size': 212, 'transform_funcs': (4, 5, 6)}"
9390,7cd6c836,-0.1,"{'temperature_head': 0.30000000000000004, 'latent_dim': 15, 'batch_size': 237, 'transform_funcs': (0, 1, 9)}"
9499,5e38f41a,0.7244897959183674,"{'temperature_head': 0.2, 'latent_dim': 40, 'batch_size': 334, 'transform_funcs': (6, 9, 10)}"
9757,e4cbcaf2,0.6856575963718822,"{'temperature_head': 0.6000000000000001, 'latent_dim': 59, 'batch_size': 282, 'transform_funcs': (0, 4, 5)}"
9777,7fef62ea,0.7165532879818595,"{'temperature_head': 0.5, 'latent_dim': 88, 'batch_size': 320, 'transform_funcs': (1, 4, 10)}"
9818,2973ef1a,0.6785714285714286,"{'temperature_head': 0.4, 'latent_dim': 20, 'batch_size': 396, 'transform_funcs': (1, 4, 11)}"
9837,c911a51c,0.671201814058957,"{'temperature_head': 0.6000000000000001, 'latent_dim': 6, 'batch_size': 222, 'transform_funcs': (0, 1, 6)}"
10219,c47acacc,-0.1,"{'temperature_head': 0.1, 'latent_dim': 102, 'batch_size': 250, 'transform_funcs': (5, 9, 11)}"
10341,582cca19,0.7050453514739229,"{'temperature_head': 0.4, 'latent_dim': 49, 'batch_size': 374, 'transform_funcs': (2, 5, 7)}"
10449,d66da1ba,0.7125850340136054,"{'temperature_head': 0.5, 'latent_dim': 28, 'batch_size': 145, 'transform_funcs': (3, 4, 6)}"
10566,7157ad62,0.703514739229025,"{'temperature_head': 0.9, 'latent_dim': 81, 'batch_size': 260, 'transform_funcs': (2, 8, 11)}"
10577,75d982a5,-0.1,"{'temperature_head': 0.30000000000000004, 'latent_dim': 151, 'batch_size': 309, 'transform_funcs': (6, 7, 10)}"
10917,90806a9c,-0.1,"{'temperature_head': 0.30000000000000004, 'latent_dim': 162, 'batch_size': 278, 'transform_funcs': (2, 5, 9)}"
11178,1a0e326a,-0.1,"{'temperature_head': 0.7000000000000001, 'latent_dim': 108, 'batch_size': 286, 'transform_funcs': (7, 9, 11)}"
11254,fe2a6f8f,0.7125850340136054,"{'temperature_head': 0.2, 'latent_dim': 173, 'batch_size': 344, 'transform_funcs': (5, 9, 10)}"
11336,be32158f,0.6836734693877551,"{'temperature_head': 0.2, 'latent_dim': 118, 'batch_size': 388, 'transform_funcs': (2, 4, 6)}"
11371,92e7676d,0.7188208616780045,"{'temperature_head': 0.30000000000000004, 'latent_dim': 134, 'batch_size': 363, 'transform_funcs': (3, 8, 11)}"
11402,becc4f44,-0.1,"{'temperature_head': 0.5, 'latent_dim': 100, 'batch_size': 323, 'transform_funcs': (0, 7, 11)}"
11455,cfbd93fb,0.6785714285714286,"{'temperature_head': 0.4, 'latent_dim': 136, 'batch_size': 342, 'transform_funcs': (4, 5, 9)}"
11597,b825f653,-0.1,"{'temperature_head': 0.6000000000000001, 'latent_dim': 90, 'batch_size': 446, 'transform_funcs': (2, 7, 11)}"
12068,15102412,-0.1,"{'temperature_head': 0.2, 'latent_dim': 126, 'batch_size': 404, 'transform_funcs': (4, 5, 10)}"
12146,92dfb74c,0.7182539682539683,"{'temperature_head': 0.7000000000000001, 'latent_dim': 77, 'batch_size': 293, 'transform_funcs': (0, 7, 11)}"
12254,48fe11a8,0.6927437641723356,"{'temperature_head': 0.1, 'latent_dim': 168, 'batch_size': 421, 'transform_funcs': (2, 9, 10)}"
12356,40dfc91a,0.7437641723356009,"{'temperature_head': 0.30000000000000004, 'latent_dim': 156, 'batch_size': 386, 'transform_funcs': (4, 8, 10)}"
12596,5c327816,0.6961451247165533,"{'temperature_head': 0.1, 'latent_dim': 189, 'batch_size': 267, 'transform_funcs': (3, 5, 6)}"
12903,d26d964c,0.7261904761904762,"{'temperature_head': 0.8, 'latent_dim': 61, 'batch_size': 204, 'transform_funcs': (3, 6, 10)}"
13080,3f811932,0.6729024943310657,"{'temperature_head': 0.4, 'latent_dim': 180, 'batch_size': 310, 'transform_funcs': (0, 6, 11)}"
13146,897a7547,0.7103174603174603,"{'temperature_head': 0.5, 'latent_dim': 213, 'batch_size': 364, 'transform_funcs': (0, 3, 5)}"
13286,93c6bcbf,0.719954648526077,"{'temperature_head': 1.0, 'latent_dim': 197, 'batch_size': 328, 'transform_funcs': (3, 5, 8)}"
13473,da607bf4,-0.1,"{'temperature_head': 0.9, 'latent_dim': 120, 'batch_size': 256, 'transform_funcs': (1, 4, 11)}"
13616,af4ed594,0.6740362811791383,"{'temperature_head': 0.6000000000000001, 'latent_dim': 157, 'batch_size': 460, 'transform_funcs': (0, 3, 11)}"
13638,05c3accc,-0.1,"{'temperature_head': 0.8, 'latent_dim': 151, 'batch_size': 337, 'transform_funcs': (3, 6, 8)}"
13849,f7e78e49,-0.1,"{'temperature_head': 0.5, 'latent_dim': 142, 'batch_size': 442, 'transform_funcs': (1, 8, 9)}"
13994,393877da,0.70578231292517,"{'temperature_head': 0.7000000000000001, 'latent_dim': 221, 'batch_size': 385, 'transform_funcs': (1, 3, 8)}"
14070,bb769d21,0.7080498866213152,"{'temperature_head': 0.4, 'latent_dim': 204, 'batch_size': 477, 'transform_funcs': (4, 8, 10)}"
14077,a8d99ae6,-0.1,"{'temperature_head': 0.9, 'latent_dim': 174, 'batch_size': 307, 'transform_funcs': (0, 3, 8)}"
14115,8aa4afab,-0.1,"{'temperature_head': 0.30000000000000004, 'latent_dim': 95, 'batch_size': 381, 'transform_funcs': (8, 10, 11)}"
14238,ce5a74e8,0.7041383219954649,"{'temperature_head': 0.30000000000000004, 'latent_dim': 238, 'batch_size': 235, 'transform_funcs': (1, 6, 7)}"
14430,396ee965,-0.1,"{'temperature_head': 0.6000000000000001, 'latent_dim': 130, 'batch_size': 271, 'transform_funcs': (2, 7, 8)}"
14657,bfa358e4,0.7108843537414966,"{'temperature_head': 1.0, 'latent_dim': 48, 'batch_size': 183, 'transform_funcs': (2, 3, 9)}"
14658,129cb5ec,-0.1,"{'temperature_head': 0.5, 'latent_dim': 183, 'batch_size': 414, 'transform_funcs': (1, 8, 10)}"
14709,8802f887,0.6519274376417233,"{'temperature_head': 0.2, 'latent_dim': 110, 'batch_size': 348, 'transform_funcs': (0, 2, 11)}"
14932,1a379f7a,0.7103174603174603,"{'temperature_head': 0.7000000000000001, 'latent_dim': 69, 'batch_size': 401, 'transform_funcs': (5, 6, 7)}"
14972,9c3dc134,-0.1,"{'temperature_head': 0.4, 'latent_dim': 209, 'batch_size': 365, 'transform_funcs': (3, 5, 10)}"
15349,baf7790b,0.6919501133786848,"{'temperature_head': 0.1, 'latent_dim': 164, 'batch_size': 291, 'transform_funcs': (8, 9, 11)}"
15354,97d40191,0.7053854875283447,"{'temperature_head': 0.8, 'latent_dim': 230, 'batch_size': 424, 'transform_funcs': (4, 8, 11)}"
15771,98d147c0,0.7163265306122449,"{'temperature_head': 0.9, 'latent_dim': 262, 'batch_size': 460, 'transform_funcs': (0, 6, 8)}"
15818,ade4c6bb,0.6532879818594106,"{'temperature_head': 0.2, 'latent_dim': 81, 'batch_size': 393, 'transform_funcs': (4, 8, 10)}"
15880,04613c90,0.7001133786848073,"{'temperature_head': 0.6000000000000001, 'latent_dim': 122, 'batch_size': 250, 'transform_funcs': (4, 7, 10)}"
15943,e7a2a6d8,-0.1,"{'temperature_head': 1.0, 'latent_dim': 144, 'batch_size': 353, 'transform_funcs': (0, 2, 5)}"
16091,78c46773,-0.1,"{'temperature_head': 0.5, 'latent_dim': 33, 'batch_size': 273, 'transform_funcs': (3, 4, 7)}"
16260,2418fb5e,0.7687074829931972,"{'temperature_head': 0.8, 'latent_dim': 27, 'batch_size': 303, 'transform_funcs': (2, 4, 7)}"
16379,bf2b9442,0.7018140589569161,"{'temperature_head': 0.4, 'latent_dim': 150, 'batch_size': 502, 'transform_funcs': (4, 5, 8)}"
16412,d143bbcd,0.7437641723356009,"{'temperature_head': 0.7000000000000001, 'latent_dim': 192, 'batch_size': 327, 'transform_funcs': (2, 5, 10)}"
16425,fcbd3f5f,-0.1,"{'temperature_head': 0.6000000000000001, 'latent_dim': 172, 'batch_size': 436, 'transform_funcs': (4, 6, 9)}"
16910,d21d0c59,0.7086167800453514,"{'temperature_head': 0.30000000000000004, 'latent_dim': 86, 'batch_size': 221, 'transform_funcs': (4, 9, 10)}"
17028,918674cb,0.6944444444444444,"{'temperature_head': 0.7000000000000001, 'latent_dim': 160, 'batch_size': 372, 'transform_funcs': (2, 6, 10)}"
17146,772acde3,0.6948979591836735,"{'temperature_head': 0.8, 'latent_dim': 113, 'batch_size': 194, 'transform_funcs': (1, 2, 4)}"
17229,0882dd63,-0.1,"{'temperature_head': 0.8, 'latent_dim': 203, 'batch_size': 468, 'transform_funcs': (0, 5, 7)}"
17331,5991fd50,0.685374149659864,"{'temperature_head': 0.8, 'latent_dim': 191, 'batch_size': 319, 'transform_funcs': (3, 6, 11)}"
17511,72dcf4dd,0.7023809523809523,"{'temperature_head': 0.9, 'latent_dim': 249, 'batch_size': 301, 'transform_funcs': (3, 4, 9)}"
17518,7eaf43ce,-0.1,"{'temperature_head': 0.8, 'latent_dim': 227, 'batch_size': 379, 'transform_funcs': (1, 6, 10)}"
17741,e27676fe,-0.1,"{'temperature_head': 0.7000000000000001, 'latent_dim': 267, 'batch_size': 286, 'transform_funcs': (0, 7, 8)}"
17758,5d3e8cb4,-0.1,"{'temperature_head': 0.7000000000000001, 'latent_dim': 167, 'batch_size': 208, 'transform_funcs': (1, 5, 10)}"
17913,03ca9c7e,0.6961451247165533,"{'temperature_head': 0.7000000000000001, 'latent_dim': 216, 'batch_size': 237, 'transform_funcs': (3, 5, 11)}"
18381,f5d70ab1,0.7218820861678005,"{'temperature_head': 0.7000000000000001, 'latent_dim': 239, 'batch_size': 328, 'transform_funcs': (3, 8, 9)}"
18409,8cf3e338,0.7097505668934241,"{'temperature_head': 0.9, 'latent_dim': 210, 'batch_size': 313, 'transform_funcs': (0, 2, 8)}"
18707,13e67072,0.7154195011337868,"{'temperature_head': 0.6000000000000001, 'latent_dim': 178, 'batch_size': 346, 'transform_funcs': (1, 2, 7)}"
18745,d84b980a,0.696031746031746,"{'temperature_head': 0.9, 'latent_dim': 197, 'batch_size': 358, 'transform_funcs': (2, 5, 10)}"
18808,72548738,0.732312925170068,"{'temperature_head': 0.8, 'latent_dim': 134, 'batch_size': 417, 'transform_funcs': (0, 3, 9)}"
18936,d0139538,-0.1,"{'temperature_head': 1.0, 'latent_dim': 46, 'batch_size': 430, 'transform_funcs': (2, 6, 8)}"
19117,5bc5955d,-0.1,"{'temperature_head': 0.9, 'latent_dim': 250, 'batch_size': 392, 'transform_funcs': (3, 4, 10)}"
19126,72cfd9f8,0.7142857142857143,"{'temperature_head': 0.6000000000000001, 'latent_dim': 11, 'batch_size': 304, 'transform_funcs': (1, 5, 11)}"
19227,f6d2565e,0.7040816326530612,"{'temperature_head': 0.5, 'latent_dim': 186, 'batch_size': 327, 'transform_funcs': (2, 6, 11)}"
19286,41f358a7,-0.1,"{'temperature_head': 0.8, 'latent_dim': 99, 'batch_size': 452, 'transform_funcs': (2, 5, 10)}"
19357,6d16dde2,0.7069160997732427,"{'temperature_head': 0.7000000000000001, 'latent_dim': 221, 'batch_size': 406, 'transform_funcs': (2, 4, 7)}"
19478,8fde8028,-0.1,"{'temperature_head': 0.5, 'latent_dim': 232, 'batch_size': 339, 'transform_funcs': (0, 4, 6)}"
19693,53346a78,0.7171201814058957,"{'temperature_head': 0.7000000000000001, 'latent_dim': 156, 'batch_size': 228, 'transform_funcs': (2, 3, 6)}"
19960,efba6b7d,0.6984126984126984,"{'temperature_head': 1.0, 'latent_dim': 107, 'batch_size': 296, 'transform_funcs': (0, 2, 10)}"
20057,e633da18,0.7001133786848073,"{'temperature_head': 0.4, 'latent_dim': 68, 'batch_size': 246, 'transform_funcs': (0, 1, 4)}"
20272,acc4ead8,0.6972789115646258,"{'temperature_head': 0.6000000000000001, 'latent_dim': 243, 'batch_size': 165, 'transform_funcs': (4, 8, 9)}"
20340,7366f67e,0.764172335600907,"{'temperature_head': 0.8, 'latent_dim': 54, 'batch_size': 257, 'transform_funcs': (3, 4, 5)}"
20558,ae317b2f,0.7069160997732427,"{'temperature_head': 0.2, 'latent_dim': 138, 'batch_size': 369, 'transform_funcs': (5, 8, 10)}"
20706,7c227cfc,0.7074829931972789,"{'temperature_head': 0.7000000000000001, 'latent_dim': 194, 'batch_size': 482, 'transform_funcs': (2, 6, 9)}"
20826,0f4eea2a,-0.1,"{'temperature_head': 1.0, 'latent_dim': 53, 'batch_size': 253, 'transform_funcs': (4, 7, 11)}"
21069,14e4fb1e,0.6870748299319728,"{'temperature_head': 0.8, 'latent_dim': 146, 'batch_size': 265, 'transform_funcs': (2, 3, 10)}"
21076,41f91e43,0.6462585034013605,"{'temperature_head': 0.1, 'latent_dim': 129, 'batch_size': 406, 'transform_funcs': (3, 7, 11)}"
21263,9ba4c39a,0.7471655328798186,"{'temperature_head': 0.9, 'latent_dim': 18, 'batch_size': 175, 'transform_funcs': (5, 7, 11)}"
21276,0415febe,0.703514739229025,"{'temperature_head': 0.6000000000000001, 'latent_dim': 181, 'batch_size': 315, 'transform_funcs': (1, 7, 11)}"
21452,38e4b7fc,0.7044784580498866,"{'temperature_head': 0.8, 'latent_dim': 26, 'batch_size': 144, 'transform_funcs': (3, 4, 5)}"
21647,a74a69ba,0.7256235827664399,"{'temperature_head': 1.0, 'latent_dim': 5, 'batch_size': 217, 'transform_funcs': (0, 10, 11)}"
21819,23d10071,0.721655328798186,"{'temperature_head': 0.7000000000000001, 'latent_dim': 60, 'batch_size': 239, 'transform_funcs': (2, 8, 9)}"
21948,d55430b5,0.7573696145124716,"{'temperature_head': 0.8, 'latent_dim': 33, 'batch_size': 281, 'transform_funcs': (0, 5, 11)}"
22017,dc6cecc8,0.699546485260771,"{'temperature_head': 0.9, 'latent_dim': 13, 'batch_size': 150, 'transform_funcs': (7, 8, 9)}"
22083,cf81d1de,0.7619047619047619,"{'temperature_head': 0.9, 'latent_dim': 16, 'batch_size': 229, 'transform_funcs': (3, 4, 5)}"
22155,e5fd83ca,0.6740362811791383,"{'temperature_head': 0.9, 'latent_dim': 3, 'batch_size': 129, 'transform_funcs': (5, 7, 8)}"
22203,09915caa,0.7142857142857143,"{'temperature_head': 1.0, 'latent_dim': 20, 'batch_size': 175, 'transform_funcs': (5, 7, 11)}"
22474,4b0d6c74,0.7027210884353742,"{'temperature_head': 0.8, 'latent_dim': 40, 'batch_size': 139, 'transform_funcs': (2, 5, 6)}"
22567,ddee6945,0.6819727891156463,"{'temperature_head': 0.9, 'latent_dim': 8, 'batch_size': 214, 'transform_funcs': (1, 2, 11)}"
22603,7af9d8a2,0.6996598639455783,"{'temperature_head': 0.9, 'latent_dim': 31, 'batch_size': 191, 'transform_funcs': (0, 5, 9)}"
22636,423ab045,0.7063492063492064,"{'temperature_head': 1.0, 'latent_dim': 34, 'batch_size': 279, 'transform_funcs': (0, 1, 11)}"
22802,6ad182e2,0.7001133786848073,"{'temperature_head': 0.8, 'latent_dim': 53, 'batch_size': 225, 'transform_funcs': (1, 4, 8)}"
23095,f094c604,0.7607709750566893,"{'temperature_head': 0.9, 'latent_dim': 25, 'batch_size': 195, 'transform_funcs': (2, 4, 7)}"
23138,9015c222,0.7023809523809523,"{'temperature_head': 0.8, 'latent_dim': 44, 'batch_size': 290, 'transform_funcs': (1, 2, 9)}"
23264,d9b52b7a,0.7182539682539683,"{'temperature_head': 1.0, 'latent_dim': 75, 'batch_size': 261, 'transform_funcs': (1, 9, 11)}"
23331,314ab689,0.717687074829932,"{'temperature_head': 0.8, 'latent_dim': 65, 'batch_size': 242, 'transform_funcs': (0, 5, 11)}"
23356,41639965,0.6791383219954649,"{'temperature_head': 0.9, 'latent_dim': 53, 'batch_size': 203, 'transform_funcs': (3, 4, 5)}"
23779,67896146,0.7239229024943311,"{'temperature_head': 0.8, 'latent_dim': 40, 'batch_size': 272, 'transform_funcs': (1, 9, 10)}"
23797,0206cc2b,0.7222222222222222,"{'temperature_head': 1.0, 'latent_dim': 23, 'batch_size': 195, 'transform_funcs': (1, 7, 8)}"
23918,86f61e60,0.731859410430839,"{'temperature_head': 0.9, 'latent_dim': 16, 'batch_size': 183, 'transform_funcs': (3, 7, 9)}"
24019,c562008e,0.6972789115646258,"{'temperature_head': 0.9, 'latent_dim': 27, 'batch_size': 156, 'transform_funcs': (1, 2, 8)}"
24065,4560210f,0.687641723356009,"{'temperature_head': 1.0, 'latent_dim': 2, 'batch_size': 232, 'transform_funcs': (2, 4, 8)}"
24177,4d64819e,0.7040816326530612,"{'temperature_head': 1.0, 'latent_dim': 83, 'batch_size': 164, 'transform_funcs': (2, 10, 11)}"
24383,922adfd0,0.7528344671201814,"{'temperature_head': 0.9, 'latent_dim': 73, 'batch_size': 257, 'transform_funcs': (2, 4, 7)}"
24467,ba56868c,0.7346938775510204,"{'temperature_head': 0.9, 'latent_dim': 11, 'batch_size': 198, 'transform_funcs': (0, 1, 5)}"
24624,49cd2b94,0.7670068027210885,"{'temperature_head': 1.0, 'latent_dim': 92, 'batch_size': 209, 'transform_funcs': (2, 4, 10)}"
24638,e078fb9d,-0.1,"{'temperature_head': 0.9, 'latent_dim': 37, 'batch_size': 218, 'transform_funcs': (2, 4, 7)}"
24671,ec2ad761,0.70578231292517,"{'temperature_head': 1.0, 'latent_dim': 63, 'batch_size': 248, 'transform_funcs': (0, 3, 6)}"
24895,a03827d9,0.7551020408163265,"{'temperature_head': 0.8, 'latent_dim': 55, 'batch_size': 187, 'transform_funcs': (1, 2, 10)}"
25197,70f04224,0.7165532879818595,"{'temperature_head': 0.9, 'latent_dim': 48, 'batch_size': 176, 'transform_funcs': (3, 8, 10)}"
25230,d5e10e0a,0.6887755102040817,"{'temperature_head': 0.7000000000000001, 'latent_dim': 20, 'batch_size': 230, 'transform_funcs': (4, 6, 7)}"
25591,39a651c9,0.7108843537414966,"{'temperature_head': 1.0, 'latent_dim': 94, 'batch_size': 209, 'transform_funcs': (2, 7, 10)}"
25658,c671bc89,0.7324263038548753,"{'temperature_head': 1.0, 'latent_dim': 90, 'batch_size': 207, 'transform_funcs': (1, 7, 10)}"
25718,2675f4c7,0.7562358276643991,"{'temperature_head': 1.0, 'latent_dim': 77, 'batch_size': 267, 'transform_funcs': (2, 4, 10)}"
25860,e2d1f1b2,0.7369614512471655,"{'temperature_head': 0.8, 'latent_dim': 70, 'batch_size': 300, 'transform_funcs': (2, 4, 10)}"
26129,dfa78479,0.7097505668934241,"{'temperature_head': 1.0, 'latent_dim': 101, 'batch_size': 242, 'transform_funcs': (0, 8, 10)}"
26260,41299b21,0.699546485260771,"{'temperature_head': 1.0, 'latent_dim': 58, 'batch_size': 172, 'transform_funcs': (2, 3, 8)}"
26350,6a912f28,0.7080498866213152,"{'temperature_head': 0.9, 'latent_dim': 80, 'batch_size': 258, 'transform_funcs': (2, 4, 11)}"
26408,02c28c64,0.721655328798186,"{'temperature_head': 0.7000000000000001, 'latent_dim': 45, 'batch_size': 226, 'transform_funcs': (3, 9, 10)}"
26550,ea635ab0,0.70578231292517,"{'temperature_head': 0.8, 'latent_dim': 97, 'batch_size': 155, 'transform_funcs': (3, 6, 9)}"
26918,ae19e09e,0.6791383219954649,"{'temperature_head': 0.7000000000000001, 'latent_dim': 87, 'batch_size': 139, 'transform_funcs': (5, 8, 11)}"
26946,8d72e424,0.7465986394557823,"{'temperature_head': 1.0, 'latent_dim': 30, 'batch_size': 275, 'transform_funcs': (1, 10, 11)}"
26979,32acf669,0.7454648526077098,"{'temperature_head': 0.9, 'latent_dim': 66, 'batch_size': 234, 'transform_funcs': (4, 5, 11)}"
27005,432d28a7,0.672392290249433,"{'temperature_head': 0.8, 'latent_dim': 115, 'batch_size': 288, 'transform_funcs': (3, 4, 5)}"
27243,1af2a8a3,0.7607709750566893,"{'temperature_head': 1.0, 'latent_dim': 106, 'batch_size': 307, 'transform_funcs': (1, 2, 6)}"
27496,7b11424d,0.7131519274376418,"{'temperature_head': 0.9, 'latent_dim': 38, 'batch_size': 249, 'transform_funcs': (1, 5, 6)}"
27512,e269dafb,0.6893424036281179,"{'temperature_head': 1.0, 'latent_dim': 3, 'batch_size': 283, 'transform_funcs': (1, 5, 8)}"
27594,6488e983,0.717687074829932,"{'temperature_head': 0.7000000000000001, 'latent_dim': 42, 'batch_size': 202, 'transform_funcs': (4, 6, 11)}"
27647,e5122dbf,0.7607709750566893,"{'temperature_head': 0.9, 'latent_dim': 60, 'batch_size': 296, 'transform_funcs': (6, 8, 11)}"
27690,bbe990bc,0.6887755102040816,"{'temperature_head': 0.8, 'latent_dim': 50, 'batch_size': 218, 'transform_funcs': (1, 3, 11)}"
27951,f3574948,0.7414965986394558,"{'temperature_head': 0.8, 'latent_dim': 14, 'batch_size': 318, 'transform_funcs': (0, 2, 4)}"
28306,a3860ee9,0.7001133786848073,"{'temperature_head': 0.8, 'latent_dim': 33, 'batch_size': 253, 'transform_funcs': (0, 5, 8)}"
28343,d238d6c3,0.7063492063492064,"{'temperature_head': 0.7000000000000001, 'latent_dim': 74, 'batch_size': 165, 'transform_funcs': (2, 7, 9)}"
28470,dbe37da2,0.6485260770975056,"{'temperature_head': 0.6000000000000001, 'latent_dim': 86, 'batch_size': 265, 'transform_funcs': (3, 4, 8)}"
28556,3d6eee61,0.6994897959183672,"{'temperature_head': 0.9, 'latent_dim': 120, 'batch_size': 186, 'transform_funcs': (0, 3, 10)}"
28630,2d52f89a,0.694047619047619,"{'temperature_head': 1.0, 'latent_dim': 65, 'batch_size': 350, 'transform_funcs': (6, 8, 10)}"
28673,edc32bb3,0.6904761904761905,"{'temperature_head': 0.9, 'latent_dim': 7, 'batch_size': 333, 'transform_funcs': (1, 5, 7)}"
28861,a59143c0,-0.1,"{'temperature_head': 1.0, 'latent_dim': 110, 'batch_size': 240, 'transform_funcs': (0, 9, 11)}"
28884,82c6a69f,0.7069160997732427,"{'temperature_head': 0.9, 'latent_dim': 24, 'batch_size': 222, 'transform_funcs': (4, 7, 8)}"
29013,98430300,0.6859410430839002,"{'temperature_head': 0.8, 'latent_dim': 55, 'batch_size': 212, 'transform_funcs': (2, 5, 11)}"
29284,326902e8,-0.1,"{'temperature_head': 0.9, 'latent_dim': 17, 'batch_size': 137, 'transform_funcs': (8, 9, 10)}"
29431,b2762222,0.7522675736961452,"{'temperature_head': 0.6000000000000001, 'latent_dim': 92, 'batch_size': 309, 'transform_funcs': (0, 4, 8)}"
29458,a8a28358,0.7080498866213152,"{'temperature_head': 0.7000000000000001, 'latent_dim': 83, 'batch_size': 274, 'transform_funcs': (6, 8, 9)}"
29567,2988ace5,0.7431972789115646,"{'temperature_head': 1.0, 'latent_dim': 48, 'batch_size': 324, 'transform_funcs': (0, 4, 10)}"
29801,9cc3e27b,0.6959183673469387,"{'temperature_head': 0.7000000000000001, 'latent_dim': 103, 'batch_size': 170, 'transform_funcs': (1, 3, 7)}"
29946,316d1626,0.6927437641723356,"{'temperature_head': 0.9, 'latent_dim': 2, 'batch_size': 229, 'transform_funcs': (7, 9, 10)}"
30050,2c631552,0.6887755102040817,"{'temperature_head': 0.8, 'latent_dim': 36, 'batch_size': 291, 'transform_funcs': (1, 6, 8)}"
30082,de655a03,0.7074829931972789,"{'temperature_head': 0.8, 'latent_dim': 77, 'batch_size': 148, 'transform_funcs': (1, 4, 7)}"
30166,e92c6d12,0.6933106575963719,"{'temperature_head': 1.0, 'latent_dim': 70, 'batch_size': 264, 'transform_funcs': (1, 4, 5)}"
30365,5a6a2b17,0.7080498866213152,"{'temperature_head': 0.8, 'latent_dim': 29, 'batch_size': 257, 'transform_funcs': (0, 6, 7)}"
30677,5d8548d2,0.7188208616780045,"{'temperature_head': 0.9, 'latent_dim': 57, 'batch_size': 179, 'transform_funcs': (1, 7, 9)}"
30767,dbdd6c4e,0.7210884353741497,"{'temperature_head': 1.0, 'latent_dim': 11, 'batch_size': 282, 'transform_funcs': (0, 1, 10)}"
30789,b7b58722,0.713718820861678,"{'temperature_head': 0.7000000000000001, 'latent_dim': 44, 'batch_size': 203, 'transform_funcs': (1, 2, 3)}"
30974,e55dacc5,0.6887755102040817,"{'temperature_head': 0.6000000000000001, 'latent_dim': 127, 'batch_size': 190, 'transform_funcs': (1, 3, 6)}"
31201,88d9cd25,0.6938775510204082,"{'temperature_head': 0.8, 'latent_dim': 20, 'batch_size': 359, 'transform_funcs': (0, 8, 11)}"
31282,06c073c3,0.7074829931972789,"{'temperature_head': 0.7000000000000001, 'latent_dim': 78, 'batch_size': 342, 'transform_funcs': (0, 2, 9)}"
31297,637201e7,0.7114512471655329,"{'temperature_head': 0.9, 'latent_dim': 96, 'batch_size': 300, 'transform_funcs': (0, 7, 9)}"
31351,cf4ba466,0.7052721088435374,"{'temperature_head': 1.0, 'latent_dim': 62, 'batch_size': 242, 'transform_funcs': (2, 4, 9)}"
31782,25b3a4c4,0.6955782312925171,"{'temperature_head': 0.9, 'latent_dim': 114, 'batch_size': 212, 'transform_funcs': (0, 6, 9)}"
31894,bd6ddaa8,0.7556689342403629,"{'temperature_head': 0.8, 'latent_dim': 27, 'batch_size': 270, 'transform_funcs': (0, 3, 7)}"
31967,39cf522e,0.6910430839002267,"{'temperature_head': 1.0, 'latent_dim': 52, 'batch_size': 232, 'transform_funcs': (7, 8, 10)}"
31980,cdf56c6d,0.6802721088435374,"{'temperature_head': 0.5, 'latent_dim': 43, 'batch_size': 246, 'transform_funcs': (2, 9, 11)}"
32158,5e4e9678,0.6882086167800453,"{'temperature_head': 0.9, 'latent_dim': 89, 'batch_size': 161, 'transform_funcs': (1, 6, 11)}"
32377,efb1e600,0.7624716553287982,"{'temperature_head': 1.0, 'latent_dim': 8, 'batch_size': 197, 'transform_funcs': (0, 5, 10)}"
32459,4327797a,0.7205215419501134,"{'temperature_head': 0.8, 'latent_dim': 15, 'batch_size': 225, 'transform_funcs': (4, 9, 11)}"
32538,2485e1da,0.7188208616780045,"{'temperature_head': 0.6000000000000001, 'latent_dim': 68, 'batch_size': 316, 'transform_funcs': (0, 8, 9)}"
32825,50d26d7c,0.6984126984126984,"{'temperature_head': 0.9, 'latent_dim': 124, 'batch_size': 130, 'transform_funcs': (0, 5, 6)}"
32937,36fd4b5e,0.7066893424036281,"{'temperature_head': 0.7000000000000001, 'latent_dim': 84, 'batch_size': 278, 'transform_funcs': (1, 3, 10)}"
33008,3266b943,0.6695011337868481,"{'temperature_head': 0.5, 'latent_dim': 7, 'batch_size': 199, 'transform_funcs': (2, 4, 5)}"
33039,9df4848a,0.7270408163265307,"{'temperature_head': 0.6000000000000001, 'latent_dim': 103, 'batch_size': 332, 'transform_funcs': (5, 6, 10)}"
33161,0cfdd637,0.6978458049886621,"{'temperature_head': 0.5, 'latent_dim': 37, 'batch_size': 154, 'transform_funcs': (1, 6, 9)}"
33459,f1090223,0.687641723356009,"{'temperature_head': 1.0, 'latent_dim': 22, 'batch_size': 170, 'transform_funcs': (5, 7, 10)}"
33566,ebd0eb64,0.7040816326530612,"{'temperature_head': 1.0, 'latent_dim': 32, 'batch_size': 208, 'transform_funcs': (5, 8, 9)}"
33657,29b490cd,0.7023809523809523,"{'temperature_head': 0.4, 'latent_dim': 73, 'batch_size': 184, 'transform_funcs': (6, 10, 11)}"
33720,9a1d1f54,0.7086167800453514,"{'temperature_head': 1.0, 'latent_dim': 59, 'batch_size': 192, 'transform_funcs': (3, 7, 8)}"
33890,33f25a7e,0.7086167800453514,"{'temperature_head': 1.0, 'latent_dim': 51, 'batch_size': 129, 'transform_funcs': (3, 5, 9)}"
34126,770eb79d,0.7590702947845805,"{'temperature_head': 1.0, 'latent_dim': 9, 'batch_size': 260, 'transform_funcs': (3, 4, 11)}"
34192,14c28259,0.7103174603174602,"{'temperature_head': 0.6000000000000001, 'latent_dim': 131, 'batch_size': 250, 'transform_funcs': (0, 2, 3)}"
34242,ace19ccd,0.6855442176870749,"{'temperature_head': 1.0, 'latent_dim': 93, 'batch_size': 219, 'transform_funcs': (1, 3, 5)}"
34399,a2ad8d4b,0.6938775510204082,"{'temperature_head': 0.7000000000000001, 'latent_dim': 109, 'batch_size': 144, 'transform_funcs': (1, 4, 6)}"
34603,12ca8de8,0.7080498866213152,"{'temperature_head': 0.9, 'latent_dim': 3, 'batch_size': 240, 'transform_funcs': (0, 9, 10)}"
34750,505ec9d2,0.6778344671201815,"{'temperature_head': 0.4, 'latent_dim': 65, 'batch_size': 180, 'transform_funcs': (5, 10, 11)}"
34864,b671fa16,0.6556689342403628,"{'temperature_head': 0.6000000000000001, 'latent_dim': 40, 'batch_size': 302, 'transform_funcs': (0, 4, 9)}"
34919,9f5b2884,0.7062358276643992,"{'temperature_head': 0.9, 'latent_dim': 119, 'batch_size': 289, 'transform_funcs': (0, 5, 10)}"
34967,1cc5429a,0.7227891156462585,"{'temperature_head': 0.8, 'latent_dim': 26, 'batch_size': 200, 'transform_funcs': (1, 8, 11)}"
35427,6f4890ea,0.6904761904761905,"{'temperature_head': 0.5, 'latent_dim': 98, 'batch_size': 236, 'transform_funcs': (2, 3, 11)}"
35466,65cfc0a4,0.7675736961451247,"{'temperature_head': 0.7000000000000001, 'latent_dim': 45, 'batch_size': 378, 'transform_funcs': (2, 8, 10)}"
35533,ce685511,0.7018140589569161,"{'temperature_head': 1.0, 'latent_dim': 35, 'batch_size': 136, 'transform_funcs': (1, 4, 9)}"
35575,962861bc,0.6831065759637188,"{'temperature_head': 0.7000000000000001, 'latent_dim': 80, 'batch_size': 159, 'transform_funcs': (4, 7, 9)}"
35663,b522cfea,0.7006802721088435,"{'temperature_head': 0.9, 'latent_dim': 49, 'batch_size': 311, 'transform_funcs': (0, 3, 4)}"
35982,8e4dda4d,0.6967120181405896,"{'temperature_head': 0.8, 'latent_dim': 56, 'batch_size': 323, 'transform_funcs': (1, 3, 4)}"
36109,3198b96c,0.735827664399093,"{'temperature_head': 0.6000000000000001, 'latent_dim': 30, 'batch_size': 377, 'transform_funcs': (5, 6, 8)}"
36126,066be698,0.7403628117913832,"{'temperature_head': 0.7000000000000001, 'latent_dim': 46, 'batch_size': 409, 'transform_funcs': (5, 6, 11)}"
36159,a5b76e06,0.685374149659864,"{'temperature_head': 1.0, 'latent_dim': 73, 'batch_size': 268, 'transform_funcs': (0, 1, 8)}"
36323,7e30f46f,0.6564625850340136,"{'temperature_head': 0.7000000000000001, 'latent_dim': 140, 'batch_size': 370, 'transform_funcs': (6, 7, 8)}"
36335,492c0b80,0.7086167800453514,"{'temperature_head': 0.7000000000000001, 'latent_dim': 21, 'batch_size': 400, 'transform_funcs': (3, 7, 10)}"
36498,8fc81452,0.7222222222222222,"{'temperature_head': 0.8, 'latent_dim': 18, 'batch_size': 361, 'transform_funcs': (2, 3, 5)}"
36651,1be3a312,0.7329931972789115,"{'temperature_head': 0.8, 'latent_dim': 62, 'batch_size': 424, 'transform_funcs': (2, 8, 10)}"
36725,4787ff8d,0.6955782312925171,"{'temperature_head': 0.6000000000000001, 'latent_dim': 40, 'batch_size': 386, 'transform_funcs': (0, 7, 10)}"
36762,da0d3faf,0.7040816326530612,"{'temperature_head': 0.7000000000000001, 'latent_dim': 12, 'batch_size': 380, 'transform_funcs': (7, 10, 11)}"
36783,1e06ac16,0.6445578231292517,"{'temperature_head': 0.7000000000000001, 'latent_dim': 2, 'batch_size': 349, 'transform_funcs': (0, 6, 10)}"
36855,980c82fa,0.7522675736961452,"{'temperature_head': 0.8, 'latent_dim': 45, 'batch_size': 437, 'transform_funcs': (2, 8, 10)}"
37248,b1d566fd,0.7114512471655329,"{'temperature_head': 0.8, 'latent_dim': 24, 'batch_size': 354, 'transform_funcs': (6, 9, 11)}"
37282,f611d661,0.7091836734693877,"{'temperature_head': 0.6000000000000001, 'latent_dim': 34, 'batch_size': 366, 'transform_funcs': (3, 5, 7)}"
37310,db0db088,0.6723356009070295,"{'temperature_head': 0.7000000000000001, 'latent_dim': 53, 'batch_size': 498, 'transform_funcs': (6, 7, 11)}"
37359,dc153934,0.7165532879818595,"{'temperature_head': 0.8, 'latent_dim': 68, 'batch_size': 448, 'transform_funcs': (3, 9, 11)}"
37398,f16ec7a3,0.7301587301587301,"{'temperature_head': 0.6000000000000001, 'latent_dim': 63, 'batch_size': 341, 'transform_funcs': (2, 5, 8)}"
37713,97df21cb,0.6910430839002267,"{'temperature_head': 0.9, 'latent_dim': 8, 'batch_size': 415, 'transform_funcs': (9, 10, 11)}"
37770,d7967c94,0.6950113378684807,"{'temperature_head': 0.8, 'latent_dim': 29, 'batch_size': 285, 'transform_funcs': (0, 1, 2)}"
37813,d652da3c,0.7086167800453514,"{'temperature_head': 0.9, 'latent_dim': 56, 'batch_size': 332, 'transform_funcs': (1, 5, 9)}"
37869,6643ac05,0.6964852607709751,"{'temperature_head': 0.8, 'latent_dim': 41, 'batch_size': 217, 'transform_funcs': (5, 6, 9)}"
37954,628b48cb,0.709126984126984,"{'temperature_head': 0.7000000000000001, 'latent_dim': 86, 'batch_size': 296, 'transform_funcs': (2, 3, 4)}"
38248,8936a928,0.70578231292517,"{'temperature_head': 0.7000000000000001, 'latent_dim': 14, 'batch_size': 254, 'transform_funcs': (4, 10, 11)}"
38317,e78ad658,0.6835034013605442,"{'temperature_head': 0.9, 'latent_dim': 50, 'batch_size': 319, 'transform_funcs': (4, 6, 10)}"
38387,62ae7e78,0.7120181405895691,"{'temperature_head': 0.7000000000000001, 'latent_dim': 74, 'batch_size': 392, 'transform_funcs': (0, 2, 7)}"
38416,462bd049,0.68781179138322,"{'temperature_head': 0.6000000000000001, 'latent_dim': 35, 'batch_size': 305, 'transform_funcs': (3, 6, 7)}"
38648,5b4ab6c4,0.780045351473923,"{'temperature_head': 0.8, 'latent_dim': 92, 'batch_size': 210, 'transform_funcs': (0, 5, 10)}"
38846,71f5d813,0.6989795918367347,"{'temperature_head': 0.8, 'latent_dim': 22, 'batch_size': 263, 'transform_funcs': (6, 9, 10)}"
38883,bf52dbe1,0.7448979591836735,"{'temperature_head': 0.5, 'latent_dim': 59, 'batch_size': 340, 'transform_funcs': (0, 1, 3)}"
38926,5b613eef,0.6751700680272109,"{'temperature_head': 0.9, 'latent_dim': 77, 'batch_size': 191, 'transform_funcs': (0, 2, 6)}"
39090,154271b7,0.7097505668934241,"{'temperature_head': 0.7000000000000001, 'latent_dim': 67, 'batch_size': 274, 'transform_funcs': (0, 1, 7)}"
39269,3cdf8655,0.6899092970521542,"{'temperature_head': 0.9, 'latent_dim': 81, 'batch_size': 461, 'transform_funcs': (2, 4, 10)}"
39578,5b2f1220,0.7120181405895691,"{'temperature_head': 0.8, 'latent_dim': 103, 'batch_size': 210, 'transform_funcs': (6, 7, 9)}"
39602,75c64699,0.6921768707482994,"{'temperature_head': 0.7000000000000001, 'latent_dim': 95, 'batch_size': 224, 'transform_funcs': (4, 5, 6)}"
39666,1c4b53ef,0.7091836734693877,"{'temperature_head': 0.8, 'latent_dim': 116, 'batch_size': 250, 'transform_funcs': (2, 5, 7)}"
39768,f55053af,0.7006802721088435,"{'temperature_head': 0.7000000000000001, 'latent_dim': 106, 'batch_size': 236, 'transform_funcs': (0, 4, 7)}"
39968,1fee9325,0.6887755102040817,"{'temperature_head': 0.6000000000000001, 'latent_dim': 88, 'batch_size': 280, 'transform_funcs': (0, 1, 6)}"
40418,c07639af,0.7579365079365079,"{'temperature_head': 0.8, 'latent_dim': 134, 'batch_size': 310, 'transform_funcs': (0, 3, 5)}"
40559,8067db86,0.7012471655328798,"{'temperature_head': 0.7000000000000001, 'latent_dim': 152, 'batch_size': 246, 'transform_funcs': (2, 3, 7)}"
40565,4a36f592,0.7290249433106576,"{'temperature_head': 0.8, 'latent_dim': 101, 'batch_size': 328, 'transform_funcs': (4, 5, 7)}"
40588,90b63245,0.7256235827664399,"{'temperature_head': 0.8, 'latent_dim': 125, 'batch_size': 290, 'transform_funcs': (7, 8, 11)}"
40752,685a95b7,0.716326530612245,"{'temperature_head': 0.7000000000000001, 'latent_dim': 91, 'batch_size': 429, 'transform_funcs': (5, 9, 10)}"
41181,f9973e74,0.7097505668934241,"{'temperature_head': 0.7000000000000001, 'latent_dim': 71, 'batch_size': 400, 'transform_funcs': (2, 7, 11)}"
41283,af9bf09e,0.70578231292517,"{'temperature_head': 0.6000000000000001, 'latent_dim': 114, 'batch_size': 294, 'transform_funcs': (1, 4, 10)}"
41358,c28931a0,0.6945011337868481,"{'temperature_head': 0.5, 'latent_dim': 110, 'batch_size': 374, 'transform_funcs': (5, 9, 11)}"
41564,1bd7e099,0.7193877551020408,"{'temperature_head': 0.8, 'latent_dim': 144, 'batch_size': 509, 'transform_funcs': (7, 9, 11)}"
41625,9bf62138,0.7069160997732427,"{'temperature_head': 0.6000000000000001, 'latent_dim': 86, 'batch_size': 175, 'transform_funcs': (3, 10, 11)}"
41829,8219da84,0.6778344671201815,"{'temperature_head': 0.8, 'latent_dim': 80, 'batch_size': 346, 'transform_funcs': (6, 7, 10)}"
41905,eff9c931,0.6944444444444444,"{'temperature_head': 0.7000000000000001, 'latent_dim': 96, 'batch_size': 260, 'transform_funcs': (0, 1, 9)}"
42078,423bc0f0,0.746031746031746,"{'temperature_head': 0.8, 'latent_dim': 123, 'batch_size': 215, 'transform_funcs': (2, 8, 11)}"
42149,0a5cd72a,0.7131519274376418,"{'temperature_head': 0.6000000000000001, 'latent_dim': 46, 'batch_size': 271, 'transform_funcs': (4, 7, 10)}"
42232,2503785c,0.7227891156462585,"{'temperature_head': 0.7000000000000001, 'latent_dim': 63, 'batch_size': 356, 'transform_funcs': (3, 5, 6)}"
42467,a7bb2a19,0.7097505668934241,"{'temperature_head': 0.8, 'latent_dim': 92, 'batch_size': 234, 'transform_funcs': (1, 2, 5)}"
42747,9b31df5b,0.70578231292517,"{'temperature_head': 0.8, 'latent_dim': 76, 'batch_size': 207, 'transform_funcs': (5, 6, 7)}"
42796,60fe614e,0.7165532879818595,"{'temperature_head': 0.9, 'latent_dim': 130, 'batch_size': 315, 'transform_funcs': (0, 3, 11)}"
42850,6d7a2a30,0.6535714285714286,"{'temperature_head': 0.7000000000000001, 'latent_dim': 99, 'batch_size': 386, 'transform_funcs': (2, 5, 9)}"
43022,b9c5bf58,0.6927437641723356,"{'temperature_head': 0.8, 'latent_dim': 138, 'batch_size': 181, 'transform_funcs': (0, 4, 11)}"
43095,4d5aacc1,0.68140589569161,"{'temperature_head': 0.9, 'latent_dim': 57, 'batch_size': 166, 'transform_funcs': (0, 6, 11)}"
43531,ae060867,0.7103174603174603,"{'temperature_head': 0.7000000000000001, 'latent_dim': 69, 'batch_size': 223, 'transform_funcs': (4, 9, 10)}"
43541,f53d82a5,0.7188208616780045,"{'temperature_head': 0.6000000000000001, 'latent_dim': 83, 'batch_size': 468, 'transform_funcs': (3, 5, 8)}"
43568,68424034,0.7069160997732427,"{'temperature_head': 0.9, 'latent_dim': 119, 'batch_size': 301, 'transform_funcs': (4, 6, 8)}"
43728,9662b92f,0.7794784580498866,"{'temperature_head': 0.8, 'latent_dim': 49, 'batch_size': 242, 'transform_funcs': (1, 3, 8)}"
43797,f704706f,0.6950113378684807,"{'temperature_head': 0.5, 'latent_dim': 105, 'batch_size': 337, 'transform_funcs': (2, 6, 7)}"
44045,67a62490,0.70578231292517,"{'temperature_head': 0.7000000000000001, 'latent_dim': 39, 'batch_size': 284, 'transform_funcs': (4, 5, 8)}"
44141,faa62c23,0.7012471655328798,"{'temperature_head': 0.6000000000000001, 'latent_dim': 52, 'batch_size': 324, 'transform_funcs': (2, 7, 8)}"
44275,6d04a79c,0.7329931972789115,"{'temperature_head': 0.8, 'latent_dim': 46, 'batch_size': 440, 'transform_funcs': (1, 6, 7)}"
44377,b3172dfe,0.7029478458049887,"{'temperature_head': 0.8, 'latent_dim': 161, 'batch_size': 254, 'transform_funcs': (1, 8, 9)}"
44526,d7ff414c,0.699546485260771,"{'temperature_head': 0.9, 'latent_dim': 110, 'batch_size': 368, 'transform_funcs': (2, 3, 9)}"
44660,e9323aa8,0.6927437641723356,"{'temperature_head': 0.9, 'latent_dim': 62, 'batch_size': 196, 'transform_funcs': (5, 7, 9)}"
44668,114dcdc2,-0.1,"{'temperature_head': 0.6000000000000001, 'latent_dim': 69, 'batch_size': 147, 'transform_funcs': (1, 3, 9)}"
44809,ec9f29ef,0.6885487528344671,"{'temperature_head': 0.8, 'latent_dim': 29, 'batch_size': 187, 'transform_funcs': (0, 5, 10)}"
44894,81fe8f48,-0.1,"{'temperature_head': 0.9, 'latent_dim': 168, 'batch_size': 231, 'transform_funcs': (2, 4, 6)}"
44908,c7c6ae20,0.6746031746031746,"{'temperature_head': 0.7000000000000001, 'latent_dim': 148, 'batch_size': 155, 'transform_funcs': (0, 3, 8)}"
45104,d44717a4,-0.1,"{'temperature_head': 0.9, 'latent_dim': 83, 'batch_size': 395, 'transform_funcs': (2, 9, 10)}"
45161,eed17317,0.6972789115646258,"{'temperature_head': 0.7000000000000001, 'latent_dim': 91, 'batch_size': 244, 'transform_funcs': (3, 5, 11)}"
45362,fedc9729,0.6820861678004535,"{'temperature_head': 0.8, 'latent_dim': 37, 'batch_size': 421, 'transform_funcs': (0, 6, 8)}"
45438,b9429188,-0.1,"{'temperature_head': 0.6000000000000001, 'latent_dim': 99, 'batch_size': 223, 'transform_funcs': (3, 8, 11)}"
45441,d6f5056e,0.7018140589569161,"{'temperature_head': 0.5, 'latent_dim': 74, 'batch_size': 205, 'transform_funcs': (1, 3, 8)}"
45527,9a452d4e,0.7573696145124716,"{'temperature_head': 0.7000000000000001, 'latent_dim': 49, 'batch_size': 169, 'transform_funcs': (0, 2, 5)}"
45700,14ec01e4,-0.1,"{'temperature_head': 0.8, 'latent_dim': 59, 'batch_size': 176, 'transform_funcs': (4, 5, 9)}"
45771,6c65807d,0.6751700680272109,"{'temperature_head': 0.9, 'latent_dim': 2, 'batch_size': 215, 'transform_funcs': (2, 6, 10)}"
45815,68b802c4,0.6984126984126984,"{'temperature_head': 0.8, 'latent_dim': 25, 'batch_size': 201, 'transform_funcs': (8, 10, 11)}"
45837,bc5bd24b,0.7032312925170068,"{'temperature_head': 0.7000000000000001, 'latent_dim': 17, 'batch_size': 412, 'transform_funcs': (3, 4, 9)}"
46062,f6713234,0.7324263038548753,"{'temperature_head': 0.7000000000000001, 'latent_dim': 41, 'batch_size': 475, 'transform_funcs': (3, 6, 11)}"
46184,db755a36,0.7074829931972789,"{'temperature_head': 1.0, 'latent_dim': 33, 'batch_size': 486, 'transform_funcs': (1, 6, 10)}"
46426,af682aa8,-0.1,"{'temperature_head': 0.8, 'latent_dim': 117, 'batch_size': 277, 'transform_funcs': (8, 9, 11)}"
46478,fc009b62,0.6746598639455783,"{'temperature_head': 0.9, 'latent_dim': 78, 'batch_size': 185, 'transform_funcs': (0, 2, 11)}"
46536,99d8ef15,0.7040816326530612,"{'temperature_head': 0.7000000000000001, 'latent_dim': 112, 'batch_size': 245, 'transform_funcs': (2, 8, 10)}"
46645,3b44d6b8,-0.1,"{'temperature_head': 0.8, 'latent_dim': 53, 'batch_size': 363, 'transform_funcs': (0, 4, 5)}"
46647,439289ec,0.7108843537414966,"{'temperature_head': 0.5, 'latent_dim': 123, 'batch_size': 269, 'transform_funcs': (1, 3, 8)}"
46813,e0d2d7a7,0.7094671201814059,"{'temperature_head': 0.4, 'latent_dim': 66, 'batch_size': 349, 'transform_funcs': (1, 8, 10)}"
47086,85f04b3b,0.6587868480725624,"{'temperature_head': 0.6000000000000001, 'latent_dim': 14, 'batch_size': 228, 'transform_funcs': (4, 6, 9)}"
47248,30326636,0.7080498866213152,"{'temperature_head': 1.0, 'latent_dim': 45, 'batch_size': 193, 'transform_funcs': (1, 5, 10)}"
47289,6437e60b,0.7420634920634921,"{'temperature_head': 0.6000000000000001, 'latent_dim': 88, 'batch_size': 239, 'transform_funcs': (0, 4, 6)}"
47376,34de52ea,0.7256235827664399,"{'temperature_head': 0.9, 'latent_dim': 141, 'batch_size': 377, 'transform_funcs': (3, 4, 6)}"
47552,fca42431,0.7817460317460317,"{'temperature_head': 0.7000000000000001, 'latent_dim': 30, 'batch_size': 263, 'transform_funcs': (1, 2, 4)}"
47597,7348fa97,0.75,"{'temperature_head': 0.8, 'latent_dim': 132, 'batch_size': 305, 'transform_funcs': (4, 8, 11)}"
47969,99e6d699,0.648185941043084,"{'temperature_head': 0.30000000000000004, 'latent_dim': 94, 'batch_size': 332, 'transform_funcs': (2, 8, 9)}"
48045,39ac944e,0.7063492063492064,"{'temperature_head': 0.9, 'latent_dim': 104, 'batch_size': 164, 'transform_funcs': (1, 2, 7)}"
48070,28efe8d4,0.7069160997732427,"{'temperature_head': 0.7000000000000001, 'latent_dim': 20, 'batch_size': 294, 'transform_funcs': (1, 5, 11)}"
48078,9a278f5f,0.7392290249433107,"{'temperature_head': 1.0, 'latent_dim': 73, 'batch_size': 318, 'transform_funcs': (0, 7, 8)}"
48161,31d952d0,0.6984126984126984,"{'temperature_head': 0.7000000000000001, 'latent_dim': 58, 'batch_size': 136, 'transform_funcs': (3, 6, 8)}"
48269,90ce7797,0.685374149659864,"{'temperature_head': 0.6000000000000001, 'latent_dim': 3, 'batch_size': 264, 'transform_funcs': (1, 2, 4)}"
48526,e61ed1fd,0.7182539682539683,"{'temperature_head': 0.7000000000000001, 'latent_dim': 9, 'batch_size': 254, 'transform_funcs': (2, 6, 8)}"
48595,14ff34f1,0.7120181405895691,"{'temperature_head': 0.7000000000000001, 'latent_dim': 29, 'batch_size': 282, 'transform_funcs': (4, 5, 10)}"
48617,df40283a,0.699546485260771,"{'temperature_head': 0.6000000000000001, 'latent_dim': 37, 'batch_size': 307, 'transform_funcs': (1, 2, 4)}"
48645,4065ac2f,0.7130385487528345,"{'temperature_head': 0.7000000000000001, 'latent_dim': 26, 'batch_size': 298, 'transform_funcs': (2, 6, 11)}"
48705,75057ec6,0.6417233560090703,"{'temperature_head': 0.6000000000000001, 'latent_dim': 20, 'batch_size': 287, 'transform_funcs': (3, 5, 10)}"
48971,cbe2aaa2,0.6729024943310657,"{'temperature_head': 0.7000000000000001, 'latent_dim': 6, 'batch_size': 341, 'transform_funcs': (2, 6, 9)}"
49031,d906ade2,0.7023809523809523,"{'temperature_head': 0.7000000000000001, 'latent_dim': 14, 'batch_size': 323, 'transform_funcs': (0, 5, 7)}"
49034,e2772ab6,0.7227891156462585,"{'temperature_head': 0.8, 'latent_dim': 31, 'batch_size': 313, 'transform_funcs': (3, 8, 9)}"
49266,b7027483,0.7046485260770975,"{'temperature_head': 0.8, 'latent_dim': 41, 'batch_size': 276, 'transform_funcs': (0, 10, 11)}"
49325,527a8ac7,0.7120181405895691,"{'temperature_head': 0.8, 'latent_dim': 50, 'batch_size': 262, 'transform_funcs': (3, 7, 11)}"
49524,e6f21ae5,0.7715419501133787,"{'temperature_head': 0.8, 'latent_dim': 35, 'batch_size': 269, 'transform_funcs': (2, 3, 10)}"
49546,6f3074e3,0.7108843537414966,"{'temperature_head': 0.7000000000000001, 'latent_dim': 44, 'batch_size': 360, 'transform_funcs': (5, 7, 8)}"
49678,8741a141,0.6927437641723356,"{'temperature_head': 0.5, 'latent_dim': 64, 'batch_size': 290, 'transform_funcs': (3, 4, 10)}"
49680,cd0956a6,0.7403628117913832,"{'temperature_head': 0.8, 'latent_dim': 12, 'batch_size': 352, 'transform_funcs': (3, 4, 7)}"
49840,ca681526,0.7131519274376418,"{'temperature_head': 0.6000000000000001, 'latent_dim': 25, 'batch_size': 432, 'transform_funcs': (1, 9, 11)}"
49862,bb1f8440,0.7091836734693877,"{'temperature_head': 0.8, 'latent_dim': 4, 'batch_size': 270, 'transform_funcs': (0, 2, 8)}"
49982,19a3382a,0.7114512471655329,"{'temperature_head': 0.6000000000000001, 'latent_dim': 19, 'batch_size': 252, 'transform_funcs': (0, 3, 9)}"
50144,3e8e5036,0.7046485260770975,"{'temperature_head': 0.8, 'latent_dim': 36, 'batch_size': 259, 'transform_funcs': (0, 1, 4)}"
50192,a75ac011,0.6882086167800453,"{'temperature_head': 0.8, 'latent_dim': 31, 'batch_size': 238, 'transform_funcs': (0, 1, 11)}"
50290,9a3d4ff2,0.6825396825396826,"{'temperature_head': 0.9, 'latent_dim': 25, 'batch_size': 247, 'transform_funcs': (2, 4, 7)}"
50494,1b0d6355,0.7233560090702947,"{'temperature_head': 0.9, 'latent_dim': 53, 'batch_size': 276, 'transform_funcs': (1, 7, 11)}"
50498,18f0e587,0.7692743764172335,"{'temperature_head': 0.9, 'latent_dim': 9, 'batch_size': 297, 'transform_funcs': (2, 5, 6)}"
50587,1cd2e97e,0.7267573696145124,"{'temperature_head': 0.8, 'latent_dim': 16, 'batch_size': 231, 'transform_funcs': (2, 3, 10)}"
50602,6ea0e968,0.7590702947845805,"{'temperature_head': 0.8, 'latent_dim': 57, 'batch_size': 219, 'transform_funcs': (2, 3, 10)}"
50859,b093d936,0.7074829931972789,"{'temperature_head': 0.8, 'latent_dim': 40, 'batch_size': 282, 'transform_funcs': (1, 7, 8)}"
50904,fb245b68,0.6655328798185941,"{'temperature_head': 0.9, 'latent_dim': 2, 'batch_size': 212, 'transform_funcs': (2, 5, 6)}"
51015,d551af2c,0.7114512471655329,"{'temperature_head': 0.8, 'latent_dim': 32, 'batch_size': 264, 'transform_funcs': (0, 5, 9)}"
51022,108e023c,0.6757369614512472,"{'temperature_head': 0.9, 'latent_dim': 11, 'batch_size': 295, 'transform_funcs': (0, 8, 10)}"
51110,737b55ec,0.6421768707482993,"{'temperature_head': 0.9, 'latent_dim': 2, 'batch_size': 256, 'transform_funcs': (2, 5, 6)}"
51174,f365efa0,0.7193877551020408,"{'temperature_head': 0.7000000000000001, 'latent_dim': 65, 'batch_size': 240, 'transform_funcs': (2, 3, 6)}"
51322,332ca1b8,0.7607709750566893,"{'temperature_head': 1.0, 'latent_dim': 21, 'batch_size': 273, 'transform_funcs': (3, 6, 10)}"
51398,89ffc858,0.7414965986394558,"{'temperature_head': 0.9, 'latent_dim': 6, 'batch_size': 301, 'transform_funcs': (0, 2, 10)}"
51547,886bc07b,0.721655328798186,"{'temperature_head': 1.0, 'latent_dim': 9, 'batch_size': 246, 'transform_funcs': (2, 4, 11)}"
51671,f633918d,0.7171201814058957,"{'temperature_head': 0.9, 'latent_dim': 43, 'batch_size': 225, 'transform_funcs': (1, 3, 11)}"
51750,1ae8056d,0.7188208616780045,"{'temperature_head': 1.0, 'latent_dim': 17, 'batch_size': 285, 'transform_funcs': (2, 4, 8)}"
51831,c4882849,0.7534013605442177,"{'temperature_head': 0.9, 'latent_dim': 48, 'batch_size': 268, 'transform_funcs': (7, 8, 9)}"
51992,954cf090,0.7179138321995465,"{'temperature_head': 0.9, 'latent_dim': 33, 'batch_size': 235, 'transform_funcs': (3, 7, 9)}"
52204,718b3419,0.7114512471655329,"{'temperature_head': 0.9, 'latent_dim': 71, 'batch_size': 203, 'transform_funcs': (4, 7, 11)}"
52284,1f273fe6,0.7080498866213152,"{'temperature_head': 0.8, 'latent_dim': 60, 'batch_size': 307, 'transform_funcs': (3, 8, 10)}"
52332,c24bf974,0.6904761904761905,"{'temperature_head': 0.8, 'latent_dim': 25, 'batch_size': 250, 'transform_funcs': (1, 2, 11)}"
52503,0ceca478,0.6944444444444444,"{'temperature_head': 1.0, 'latent_dim': 38, 'batch_size': 290, 'transform_funcs': (2, 7, 10)}"
52698,7a9d6c60,0.7159863945578231,"{'temperature_head': 0.8, 'latent_dim': 13, 'batch_size': 324, 'transform_funcs': (0, 5, 8)}"
52865,caa4a083,0.7403628117913832,"{'temperature_head': 0.8, 'latent_dim': 49, 'batch_size': 230, 'transform_funcs': (1, 2, 6)}"
52872,510d22a0,0.7488662131519275,"{'temperature_head': 0.9, 'latent_dim': 81, 'batch_size': 213, 'transform_funcs': (0, 3, 6)}"
52935,6827b076,0.6884920634920636,"{'temperature_head': 1.0, 'latent_dim': 260, 'batch_size': 314, 'transform_funcs': (1, 4, 8)}"
52955,6a04fd2a,0.7488662131519275,"{'temperature_head': 0.8, 'latent_dim': 26, 'batch_size': 333, 'transform_funcs': (4, 6, 7)}"
53094,8c5619e5,0.721655328798186,"{'temperature_head': 0.8, 'latent_dim': 22, 'batch_size': 301, 'transform_funcs': (2, 3, 8)}"
53238,f0957575,0.6961451247165533,"{'temperature_head': 0.8, 'latent_dim': 8, 'batch_size': 282, 'transform_funcs': (1, 2, 8)}"
53303,4e5328c1,0.6298185941043084,"{'temperature_head': 0.9, 'latent_dim': 2, 'batch_size': 275, 'transform_funcs': (1, 2, 9)}"
53467,23d6a1ad,0.7329931972789115,"{'temperature_head': 0.9, 'latent_dim': 29, 'batch_size': 265, 'transform_funcs': (1, 10, 11)}"
53605,683ec3ef,0.702607709750567,"{'temperature_head': 0.7000000000000001, 'latent_dim': 17, 'batch_size': 259, 'transform_funcs': (4, 8, 9)}"
53616,a463dc36,0.7227891156462585,"{'temperature_head': 0.8, 'latent_dim': 36, 'batch_size': 294, 'transform_funcs': (1, 9, 10)}"
53761,3f6788d8,0.6950113378684807,"{'temperature_head': 0.8, 'latent_dim': 32, 'batch_size': 321, 'transform_funcs': (1, 5, 6)}"
53848,23a9fc81,0.717687074829932,"{'temperature_head': 0.8, 'latent_dim': 55, 'batch_size': 311, 'transform_funcs': (2, 10, 11)}"
53960,863d7cb0,0.7052154195011338,"{'temperature_head': 0.7000000000000001, 'latent_dim': 15, 'batch_size': 256, 'transform_funcs': (3, 9, 10)}"
54010,a3d72eda,0.7397959183673469,"{'temperature_head': 0.9, 'latent_dim': 21, 'batch_size': 269, 'transform_funcs': (6, 8, 11)}"
54036,6fc7240a,0.703514739229025,"{'temperature_head': 0.9, 'latent_dim': 41, 'batch_size': 279, 'transform_funcs': (1, 3, 8)}"
54206,e2c0ad20,0.7261904761904762,"{'temperature_head': 0.8, 'latent_dim': 8, 'batch_size': 242, 'transform_funcs': (0, 6, 7)}"
54365,02e2413e,0.7165532879818595,"{'temperature_head': 0.8, 'latent_dim': 47, 'batch_size': 306, 'transform_funcs': (1, 7, 10)}"
54497,bc8d17a1,0.6978458049886621,"{'temperature_head': 0.8, 'latent_dim': 29, 'batch_size': 287, 'transform_funcs': (1, 3, 6)}"
54500,d04446fa,0.7664399092970522,"{'temperature_head': 0.9, 'latent_dim': 34, 'batch_size': 295, 'transform_funcs': (6, 8, 10)}"
54533,a248e2c3,0.7091836734693877,"{'temperature_head': 0.7000000000000001, 'latent_dim': 53, 'batch_size': 328, 'transform_funcs': (5, 8, 10)}"
54847,6bb4a755,0.7038548752834467,"{'temperature_head': 0.8, 'latent_dim': 62, 'batch_size': 220, 'transform_funcs': (0, 1, 5)}"
54918,2605a68e,0.703514739229025,"{'temperature_head': 0.7000000000000001, 'latent_dim': 12, 'batch_size': 234, 'transform_funcs': (4, 6, 11)}"
54952,29cbd309,0.7091836734693877,"{'temperature_head': 0.8, 'latent_dim': 25, 'batch_size': 287, 'transform_funcs': (2, 7, 9)}"
54974,0c827515,0.7148526077097506,"{'temperature_head': 0.9, 'latent_dim': 43, 'batch_size': 251, 'transform_funcs': (0, 7, 11)}"
55112,4689eb08,0.7828798185941043,"{'temperature_head': 0.7000000000000001, 'latent_dim': 39, 'batch_size': 265, 'transform_funcs': (0, 2, 4)}"
55247,dbf93018,0.16666666666666669,"{'temperature_head': 0.8, 'latent_dim': 3, 'batch_size': 277, 'transform_funcs': (1, 7, 9)}"
55346,4b4da9ab,0.6931405895691609,"{'temperature_head': 0.9, 'latent_dim': 51, 'batch_size': 335, 'transform_funcs': (0, 7, 9)}"
55449,132538bb,0.6848072562358276,"{'temperature_head': 0.9, 'latent_dim': 2, 'batch_size': 298, 'transform_funcs': (0, 1, 10)}"
55476,a5565101,0.7103174603174603,"{'temperature_head': 0.7000000000000001, 'latent_dim': 57, 'batch_size': 318, 'transform_funcs': (1, 4, 11)}"
55625,47b0481f,0.7,"{'temperature_head': 1.0, 'latent_dim': 68, 'batch_size': 243, 'transform_funcs': (5, 8, 11)}"
55898,f4191656,0.6989795918367347,"{'temperature_head': 0.7000000000000001, 'latent_dim': 76, 'batch_size': 225, 'transform_funcs': (1, 5, 7)}"
55921,b1ef8a85,0.695578231292517,"{'temperature_head': 0.7000000000000001, 'latent_dim': 39, 'batch_size': 259, 'transform_funcs': (6, 8, 9)}"
56017,4bf10d0d,0.7040816326530612,"{'temperature_head': 0.6000000000000001, 'latent_dim': 47, 'batch_size': 268, 'transform_funcs': (1, 4, 7)}"
56094,4fb3cb16,0.7602040816326531,"{'temperature_head': 0.7000000000000001, 'latent_dim': 69, 'batch_size': 237, 'transform_funcs': (0, 2, 4)}"
56383,a9c1e463,0.7630385487528345,"{'temperature_head': 0.7000000000000001, 'latent_dim': 34, 'batch_size': 216, 'transform_funcs': (0, 2, 4)}"
56393,7d1e3626,0.7171201814058957,"{'temperature_head': 0.6000000000000001, 'latent_dim': 86, 'batch_size': 207, 'transform_funcs': (3, 6, 9)}"
56403,55dcd191,0.7511337868480725,"{'temperature_head': 0.7000000000000001, 'latent_dim': 22, 'batch_size': 250, 'transform_funcs': (1, 5, 8)}"
56616,bc307239,0.7363945578231292,"{'temperature_head': 0.6000000000000001, 'latent_dim': 56, 'batch_size': 260, 'transform_funcs': (1, 6, 8)}"
56649,47d7243c,0.7080498866213152,"{'temperature_head': 0.7000000000000001, 'latent_dim': 63, 'batch_size': 229, 'transform_funcs': (0, 4, 8)}"
56913,d1b0437b,0.7828798185941043,"{'temperature_head': 0.7000000000000001, 'latent_dim': 28, 'batch_size': 244, 'transform_funcs': (4, 5, 11)}"
56940,61587d67,0.7046485260770975,"{'temperature_head': 0.6000000000000001, 'latent_dim': 43, 'batch_size': 196, 'transform_funcs': (1, 2, 10)}"
57166,1c6f561f,0.7074829931972789,"{'temperature_head': 0.7000000000000001, 'latent_dim': 79, 'batch_size': 188, 'transform_funcs': (7, 9, 10)}"
57184,499588cf,0.7023809523809523,"{'temperature_head': 0.5, 'latent_dim': 18, 'batch_size': 224, 'transform_funcs': (0, 9, 11)}"
57269,85320360,0.6961451247165533,"{'temperature_head': 0.8, 'latent_dim': 72, 'batch_size': 268, 'transform_funcs': (0, 3, 10)}"
57280,48dc3952,0.7120181405895691,"{'temperature_head': 0.7000000000000001, 'latent_dim': 11, 'batch_size': 277, 'transform_funcs': (3, 4, 8)}"
57616,92ba64f6,0.7250566893424036,"{'temperature_head': 0.6000000000000001, 'latent_dim': 49, 'batch_size': 208, 'transform_funcs': (8, 9, 10)}"
57816,c20bbb21,0.7579365079365079,"{'temperature_head': 0.6000000000000001, 'latent_dim': 61, 'batch_size': 201, 'transform_funcs': (0, 5, 10)}"
57819,fe823567,0.6938775510204082,"{'temperature_head': 0.7000000000000001, 'latent_dim': 37, 'batch_size': 216, 'transform_funcs': (0, 8, 11)}"
57894,42894611,0.6893424036281179,"{'temperature_head': 0.6000000000000001, 'latent_dim': 30, 'batch_size': 239, 'transform_funcs': (0, 2, 9)}"
58030,4a718b67,0.6927437641723356,"{'temperature_head': 0.5, 'latent_dim': 65, 'batch_size': 251, 'transform_funcs': (4, 7, 8)}"
58269,35e8e51d,0.6842403628117913,"{'temperature_head': 0.7000000000000001, 'latent_dim': 53, 'batch_size': 187, 'transform_funcs': (2, 4, 9)}"
58379,f53d49f2,0.6973922902494332,"{'temperature_head': 0.6000000000000001, 'latent_dim': 37, 'batch_size': 175, 'transform_funcs': (4, 5, 11)}"
58530,967ebb4a,0.6967120181405896,"{'temperature_head': 0.7000000000000001, 'latent_dim': 77, 'batch_size': 232, 'transform_funcs': (1, 6, 11)}"
58588,ae9edb23,0.6825396825396826,"{'temperature_head': 0.6000000000000001, 'latent_dim': 44, 'batch_size': 196, 'transform_funcs': (2, 5, 11)}"
58618,4463352c,0.7154195011337868,"{'temperature_head': 0.7000000000000001, 'latent_dim': 83, 'batch_size': 245, 'transform_funcs': (0, 2, 3)}"
58717,ffff815b,0.699546485260771,"{'temperature_head': 0.7000000000000001, 'latent_dim': 28, 'batch_size': 221, 'transform_funcs': (1, 2, 3)}"
59033,be4e2f5b,0.703514739229025,"{'temperature_head': 0.5, 'latent_dim': 58, 'batch_size': 203, 'transform_funcs': (1, 3, 7)}"
59150,a4ddd9a8,0.6844104308390023,"{'temperature_head': 0.7000000000000001, 'latent_dim': 41, 'batch_size': 255, 'transform_funcs': (1, 2, 4)}"
59235,a5f86f68,0.7244897959183674,"{'temperature_head': 0.7000000000000001, 'latent_dim': 72, 'batch_size': 211, 'transform_funcs': (5, 7, 10)}"
59371,8488d00c,0.719954648526077,"{'temperature_head': 0.7000000000000001, 'latent_dim': 50, 'batch_size': 228, 'transform_funcs': (4, 5, 11)}"
59425,f583d2fe,0.6989795918367347,"{'temperature_head': 0.6000000000000001, 'latent_dim': 90, 'batch_size': 179, 'transform_funcs': (0, 4, 10)}"
59571,4aebce64,0.6984126984126984,"{'temperature_head': 0.6000000000000001, 'latent_dim': 23, 'batch_size': 240, 'transform_funcs': (0, 6, 9)}"
59912,9b8a9e4e,0.7074263038548751,"{'temperature_head': 0.6000000000000001, 'latent_dim': 18, 'batch_size': 234, 'transform_funcs': (1, 3, 10)}"
59982,b8f8aef7,0.7136621315192744,"{'temperature_head': 0.8, 'latent_dim': 98, 'batch_size': 246, 'transform_funcs': (3, 5, 9)}"
60023,8f68b91a,0.7012471655328798,"{'temperature_head': 0.4, 'latent_dim': 33, 'batch_size': 159, 'transform_funcs': (3, 7, 10)}"
60126,8d364e61,0.708843537414966,"{'temperature_head': 0.7000000000000001, 'latent_dim': 175, 'batch_size': 262, 'transform_funcs': (2, 3, 10)}"
60242,eb2d5e90,0.6984126984126984,"{'temperature_head': 0.7000000000000001, 'latent_dim': 66, 'batch_size': 273, 'transform_funcs': (2, 9, 11)}"
60541,ab5a924d,0.6870748299319728,"{'temperature_head': 0.8, 'latent_dim': 53, 'batch_size': 263, 'transform_funcs': (1, 4, 5)}"
60558,2ef0e486,0.7095804988662132,"{'temperature_head': 0.5, 'latent_dim': 59, 'batch_size': 221, 'transform_funcs': (3, 7, 8)}"
60675,37749b50,0.6717687074829932,"{'temperature_head': 0.6000000000000001, 'latent_dim': 45, 'batch_size': 194, 'transform_funcs': (5, 6, 10)}"
60766,fb06ee7f,0.7108843537414966,"{'temperature_head': 0.7000000000000001, 'latent_dim': 38, 'batch_size': 215, 'transform_funcs': (4, 5, 6)}"
60936,3af6d48c,0.7182539682539683,"{'temperature_head': 0.7000000000000001, 'latent_dim': 155, 'batch_size': 283, 'transform_funcs': (5, 6, 8)}"
61065,66ba7052,0.6861111111111111,"{'temperature_head': 0.8, 'latent_dim': 29, 'batch_size': 207, 'transform_funcs': (5, 8, 9)}"
61359,26fddcb5,0.6882086167800453,"{'temperature_head': 0.8, 'latent_dim': 76, 'batch_size': 182, 'transform_funcs': (3, 4, 11)}"
61362,0f88a06c,0.713718820861678,"{'temperature_head': 0.8, 'latent_dim': 86, 'batch_size': 253, 'transform_funcs': (1, 8, 11)}"
61475,53c10736,0.687641723356009,"{'temperature_head': 0.6000000000000001, 'latent_dim': 13, 'batch_size': 168, 'transform_funcs': (4, 10, 11)}"
61614,e84db350,0.7001133786848073,"{'temperature_head': 0.1, 'latent_dim': 25, 'batch_size': 238, 'transform_funcs': (6, 10, 11)}"
61699,eb2403ec,0.7182539682539683,"{'temperature_head': 0.7000000000000001, 'latent_dim': 66, 'batch_size': 247, 'transform_funcs': (1, 4, 6)}"
61825,0be051ea,0.7079365079365079,"{'temperature_head': 0.7000000000000001, 'latent_dim': 47, 'batch_size': 270, 'transform_funcs': (0, 5, 6)}"
61827,e5272e37,0.7029478458049887,"{'temperature_head': 0.8, 'latent_dim': 20, 'batch_size': 225, 'transform_funcs': (7, 8, 10)}"
62208,59dbf0fa,0.6235827664399093,"{'temperature_head': 0.2, 'latent_dim': 2, 'batch_size': 230, 'transform_funcs': (0, 1, 8)}"
62210,bf8d9f44,0.7131519274376418,"{'temperature_head': 0.8, 'latent_dim': 34, 'batch_size': 289, 'transform_funcs': (5, 7, 11)}"
62230,2f341725,0.7175736961451247,"{'temperature_head': 0.6000000000000001, 'latent_dim': 55, 'batch_size': 191, 'transform_funcs': (3, 9, 11)}"
62499,8612a609,0.6927437641723356,"{'temperature_head': 0.5, 'latent_dim': 42, 'batch_size': 259, 'transform_funcs': (4, 7, 9)}"
62547,c6c7da99,0.6904761904761905,"{'temperature_head': 0.7000000000000001, 'latent_dim': 105, 'batch_size': 152, 'transform_funcs': (4, 9, 11)}"
62606,801825bc,0.6944444444444444,"{'temperature_head': 0.7000000000000001, 'latent_dim': 7, 'batch_size': 201, 'transform_funcs': (4, 5, 11)}"
62895,1440a2de,0.7233560090702947,"{'temperature_head': 0.6000000000000001, 'latent_dim': 70, 'batch_size': 217, 'transform_funcs': (0, 3, 7)}"
62934,1417bb61,0.7437641723356009,"{'temperature_head': 0.8, 'latent_dim': 94, 'batch_size': 276, 'transform_funcs': (4, 5, 7)}"
63003,b6d65702,0.7062925170068026,"{'temperature_head': 0.8, 'latent_dim': 29, 'batch_size': 266, 'transform_funcs': (0, 4, 9)}"
63147,91735a7c,0.7562358276643991,"{'temperature_head': 0.6000000000000001, 'latent_dim': 61, 'batch_size': 310, 'transform_funcs': (0, 1, 2)}"
63223,f0a8620f,0.703514739229025,"{'temperature_head': 0.7000000000000001, 'latent_dim': 80, 'batch_size': 243, 'transform_funcs': (3, 5, 7)}"
63425,e89e8e57,0.7409297052154195,"{'temperature_head': 0.7000000000000001, 'latent_dim': 18, 'batch_size': 234, 'transform_funcs': (0, 2, 7)}"
63596,77034234,0.7193877551020408,"{'temperature_head': 0.8, 'latent_dim': 51, 'batch_size': 252, 'transform_funcs': (0, 9, 10)}"
63718,0057b1ad,0.7069160997732427,"{'temperature_head': 0.7000000000000001, 'latent_dim': 111, 'batch_size': 282, 'transform_funcs': (6, 7, 11)}"
63825,f91aa84f,0.6938775510204082,"{'temperature_head': 0.5, 'latent_dim': 37, 'batch_size': 173, 'transform_funcs': (6, 7, 8)}"
63853,fa53765d,0.7307256235827665,"{'temperature_head': 0.8, 'latent_dim': 14, 'batch_size': 213, 'transform_funcs': (0, 6, 10)}"
64002,20137869,0.7284580498866213,"{'temperature_head': 0.8, 'latent_dim': 127, 'batch_size': 291, 'transform_funcs': (0, 8, 9)}"
64036,1cb708ab,0.7568027210884354,"{'temperature_head': 0.7000000000000001, 'latent_dim': 23, 'batch_size': 301, 'transform_funcs': (1, 3, 5)}"
64259,30f46ae1,0.7488662131519275,"{'temperature_head': 0.7000000000000001, 'latent_dim': 47, 'batch_size': 255, 'transform_funcs': (5, 6, 11)}"
64425,36133bc3,0.6988662131519274,"{'temperature_head': 0.8, 'latent_dim': 72, 'batch_size': 226, 'transform_funcs': (6, 7, 9)}"
64563,e16d8171,0.7131519274376418,"{'temperature_head': 0.6000000000000001, 'latent_dim': 83, 'batch_size': 272, 'transform_funcs': (0, 4, 7)}"
64576,1ea0b6f9,0.6972789115646258,"{'temperature_head': 0.8, 'latent_dim': 43, 'batch_size': 206, 'transform_funcs': (2, 4, 5)}"
64696,7fad83f1,0.7290249433106576,"{'temperature_head': 0.7000000000000001, 'latent_dim': 59, 'batch_size': 243, 'transform_funcs': (7, 10, 11)}"
64930,2dcc838d,0.6967120181405896,"{'temperature_head': 0.7000000000000001, 'latent_dim': 8, 'batch_size': 278, 'transform_funcs': (1, 4, 10)}"
65103,4d29724f,0.6904761904761905,"{'temperature_head': 0.8, 'latent_dim': 29, 'batch_size': 260, 'transform_funcs': (1, 4, 9)}"
65165,f7c0b76b,0.6972789115646258,"{'temperature_head': 0.6000000000000001, 'latent_dim': 98, 'batch_size': 198, 'transform_funcs': (1, 6, 9)}"
65199,8bf4732e,0.7278911564625851,"{'temperature_head': 0.7000000000000001, 'latent_dim': 118, 'batch_size': 181, 'transform_funcs': (9, 10, 11)}"
65348,3771a6ca,0.7505668934240363,"{'temperature_head': 0.8, 'latent_dim': 65, 'batch_size': 144, 'transform_funcs': (0, 3, 4)}"
65561,0b12d30d,0.6450113378684807,"{'temperature_head': 0.6000000000000001, 'latent_dim': 90, 'batch_size': 236, 'transform_funcs': (2, 3, 11)}"
65673,b4921d2e,0.7023809523809523,"{'temperature_head': 0.5, 'latent_dim': 35, 'batch_size': 249, 'transform_funcs': (1, 3, 4)}"
65746,3703dffd,0.677437641723356,"{'temperature_head': 0.8, 'latent_dim': 54, 'batch_size': 266, 'transform_funcs': (1, 3, 8)}"
65809,471016d9,0.7721088435374149,"{'temperature_head': 0.6000000000000001, 'latent_dim': 22, 'batch_size': 286, 'transform_funcs': (7, 8, 11)}"
65881,f3f1315c,0.7182539682539683,"{'temperature_head': 0.7000000000000001, 'latent_dim': 76, 'batch_size': 219, 'transform_funcs': (6, 9, 10)}"
65947,a658155f,0.691609977324263,"{'temperature_head': 0.8, 'latent_dim': 15, 'batch_size': 316, 'transform_funcs': (2, 3, 5)}"
66185,eb1bb6d3,0.7488662131519275,"{'temperature_head': 0.7000000000000001, 'latent_dim': 42, 'batch_size': 161, 'transform_funcs': (2, 5, 8)}"
66326,9390d360,0.6632653061224489,"{'temperature_head': 0.4, 'latent_dim': 4, 'batch_size': 301, 'transform_funcs': (0, 1, 7)}"
66418,d98be019,0.6989795918367347,"{'temperature_head': 0.9, 'latent_dim': 49, 'batch_size': 188, 'transform_funcs': (0, 1, 3)}"
66680,de5962e9,0.6935374149659863,"{'temperature_head': 0.5, 'latent_dim': 135, 'batch_size': 310, 'transform_funcs': (0, 2, 4)}"
66771,ae33f1c9,0.6985260770975057,"{'temperature_head': 0.6000000000000001, 'latent_dim': 21, 'batch_size': 293, 'transform_funcs': (2, 5, 10)}"
66854,c0a7662e,0.699546485260771,"{'temperature_head': 0.5, 'latent_dim': 11, 'batch_size': 283, 'transform_funcs': (0, 4, 11)}"
66959,3a8e5481,0.7131519274376418,"{'temperature_head': 0.7000000000000001, 'latent_dim': 269, 'batch_size': 227, 'transform_funcs': (5, 6, 9)}"
67035,1c1d82e6,0.7244897959183674,"{'temperature_head': 0.6000000000000001, 'latent_dim': 3, 'batch_size': 328, 'transform_funcs': (4, 8, 10)}"
67155,6546e69a,0.7131519274376418,"{'temperature_head': 0.6000000000000001, 'latent_dim': 23, 'batch_size': 257, 'transform_funcs': (1, 2, 4)}"
67247,e4582df4,0.7227891156462585,"{'temperature_head': 0.5, 'latent_dim': 253, 'batch_size': 286, 'transform_funcs': (7, 8, 11)}"
67342,2c3376de,0.6808390022675737,"{'temperature_head': 0.4, 'latent_dim': 2, 'batch_size': 306, 'transform_funcs': (5, 9, 10)}"
67354,4a9de37f,0.7749433106575964,"{'temperature_head': 0.5, 'latent_dim': 27, 'batch_size': 246, 'transform_funcs': (5, 10, 11)}"
67537,a53f5714,0.6836734693877551,"{'temperature_head': 0.6000000000000001, 'latent_dim': 18, 'batch_size': 237, 'transform_funcs': (7, 8, 11)}"
67664,20529d7e,0.7114512471655329,"{'temperature_head': 0.6000000000000001, 'latent_dim': 39, 'batch_size': 207, 'transform_funcs': (2, 3, 9)}"
67974,d5e389e4,0.717687074829932,"{'temperature_head': 0.6000000000000001, 'latent_dim': 32, 'batch_size': 320, 'transform_funcs': (1, 5, 9)}"
68095,6944e560,0.6942176870748299,"{'temperature_head': 0.6000000000000001, 'latent_dim': 162, 'batch_size': 341, 'transform_funcs': (0, 5, 11)}"
68136,c0ad0b63,0.6972789115646258,"{'temperature_head': 0.5, 'latent_dim': 27, 'batch_size': 194, 'transform_funcs': (3, 10, 11)}"
68190,3a3001f0,0.7023809523809523,"{'temperature_head': 0.5, 'latent_dim': 107, 'batch_size': 275, 'transform_funcs': (6, 7, 10)}"
68338,a4b90ceb,0.7193877551020408,"{'temperature_head': 0.4, 'latent_dim': 61, 'batch_size': 221, 'transform_funcs': (0, 7, 10)}"
68497,ac3a4354,-0.1,"{'temperature_head': 0.4, 'latent_dim': 186, 'batch_size': 249, 'transform_funcs': (0, 2, 6)}"
68517,d351f9eb,0.7131519274376418,"{'temperature_head': 0.4, 'latent_dim': 9, 'batch_size': 242, 'transform_funcs': (2, 6, 7)}"
68842,b59fc856,0.717687074829932,"{'temperature_head': 0.4, 'latent_dim': 69, 'batch_size': 184, 'transform_funcs': (6, 9, 11)}"
68955,a88fc67f,0.7052721088435374,"{'temperature_head': 0.30000000000000004, 'latent_dim': 55, 'batch_size': 211, 'transform_funcs': (7, 9, 11)}"
69000,a0946840,0.7046485260770975,"{'temperature_head': 0.30000000000000004, 'latent_dim': 15, 'batch_size': 172, 'transform_funcs': (5, 10, 11)}"
69108,3fe43115,0.6666666666666666,"{'temperature_head': 0.5, 'latent_dim': 40, 'batch_size': 230, 'transform_funcs': (0, 2, 11)}"
69244,71dfa2ac,0.692063492063492,"{'temperature_head': 0.4, 'latent_dim': 86, 'batch_size': 199, 'transform_funcs': (2, 8, 11)}"
69584,e143be50,0.673469387755102,"{'temperature_head': 0.5, 'latent_dim': 29, 'batch_size': 163, 'transform_funcs': (5, 10, 11)}"
69589,4a2b285a,0.6961451247165533,"{'temperature_head': 0.4, 'latent_dim': 48, 'batch_size': 206, 'transform_funcs': (1, 2, 5)}"
69656,eb2cba8b,0.685374149659864,"{'temperature_head': 0.5, 'latent_dim': 144, 'batch_size': 216, 'transform_funcs': (2, 3, 7)}"
69941,93357cb0,0.7086167800453514,"{'temperature_head': 0.5, 'latent_dim': 102, 'batch_size': 264, 'transform_funcs': (3, 6, 7)}"
70193,106be388,0.7142857142857143,"{'temperature_head': 0.5, 'latent_dim': 73, 'batch_size': 233, 'transform_funcs': (2, 3, 4)}"
70238,df6432db,0.703514739229025,"{'temperature_head': 0.4, 'latent_dim': 66, 'batch_size': 150, 'transform_funcs': (0, 3, 5)}"
70298,4937a786,0.7131519274376418,"{'temperature_head': 0.5, 'latent_dim': 80, 'batch_size': 222, 'transform_funcs': (0, 1, 9)}"
70301,fd4b9c7c,0.6959183673469388,"{'temperature_head': 0.30000000000000004, 'latent_dim': 226, 'batch_size': 190, 'transform_funcs': (4, 6, 10)}"
70454,95e4d596,0.7037414965986394,"{'temperature_head': 0.4, 'latent_dim': 58, 'batch_size': 244, 'transform_funcs': (2, 5, 7)}"
70837,ee80cdd2,0.6978458049886621,"{'temperature_head': 0.5, 'latent_dim': 33, 'batch_size': 254, 'transform_funcs': (0, 3, 11)}"
70848,ca2e2a48,0.7630385487528345,"{'temperature_head': 0.6000000000000001, 'latent_dim': 51, 'batch_size': 212, 'transform_funcs': (2, 4, 6)}"
70959,ae32bd65,0.6791383219954649,"{'temperature_head': 0.5, 'latent_dim': 95, 'batch_size': 178, 'transform_funcs': (0, 1, 6)}"
71054,1099cc84,0.6950113378684807,"{'temperature_head': 0.2, 'latent_dim': 46, 'batch_size': 200, 'transform_funcs': (0, 5, 10)}"
71300,4cc48067,0.7431972789115646,"{'temperature_head': 0.6000000000000001, 'latent_dim': 24, 'batch_size': 236, 'transform_funcs': (2, 5, 9)}"
71325,beacdc2f,0.7386621315192744,"{'temperature_head': 0.4, 'latent_dim': 13, 'batch_size': 271, 'transform_funcs': (2, 7, 11)}"
71379,388a2853,0.6882086167800453,"{'temperature_head': 0.30000000000000004, 'latent_dim': 115, 'batch_size': 226, 'transform_funcs': (5, 7, 9)}"
71503,c68f1697,0.6984126984126984,"{'temperature_head': 0.5, 'latent_dim': 39, 'batch_size': 263, 'transform_funcs': (5, 9, 11)}"
71634,416d9a46,0.6993764172335601,"{'temperature_head': 0.6000000000000001, 'latent_dim': 63, 'batch_size': 246, 'transform_funcs': (3, 5, 6)}"
71711,ad5bf2e8,0.6865079365079365,"{'temperature_head': 0.5, 'latent_dim': 2, 'batch_size': 257, 'transform_funcs': (4, 7, 10)}"
72017,7a448d27,0.704875283446712,"{'temperature_head': 0.5, 'latent_dim': 7, 'batch_size': 229, 'transform_funcs': (5, 10, 11)}"
72092,05ff0463,0.6910430839002267,"{'temperature_head': 0.6000000000000001, 'latent_dim': 27, 'batch_size': 294, 'transform_funcs': (3, 4, 6)}"
72123,5f0f54af,0.7091836734693877,"{'temperature_head': 0.6000000000000001, 'latent_dim': 54, 'batch_size': 215, 'transform_funcs': (1, 3, 9)}"
72204,1198fc12,0.6967120181405896,"{'temperature_head': 0.6000000000000001, 'latent_dim': 122, 'batch_size': 170, 'transform_funcs': (0, 6, 11)}"
72475,424a3183,0.7023809523809523,"{'temperature_head': 0.7000000000000001, 'latent_dim': 208, 'batch_size': 189, 'transform_funcs': (5, 6, 7)}"
72719,0f1f7580,0.7239229024943311,"{'temperature_head': 0.30000000000000004, 'latent_dim': 44, 'batch_size': 202, 'transform_funcs': (0, 2, 4)}"
72742,1066b6ae,0.699546485260771,"{'temperature_head': 0.4, 'latent_dim': 35, 'batch_size': 250, 'transform_funcs': (1, 6, 7)}"
72847,e6230857,0.7120181405895691,"{'temperature_head': 0.7000000000000001, 'latent_dim': 88, 'batch_size': 278, 'transform_funcs': (3, 5, 8)}"
72897,b0e81077,0.703514739229025,"{'temperature_head': 0.7000000000000001, 'latent_dim': 148, 'batch_size': 241, 'transform_funcs': (3, 8, 11)}"
72931,82db2d28,0.7534013605442177,"{'temperature_head': 0.5, 'latent_dim': 19, 'batch_size': 157, 'transform_funcs': (4, 5, 8)}"
73335,278f8b58,0.7171201814058957,"{'temperature_head': 0.7000000000000001, 'latent_dim': 74, 'batch_size': 221, 'transform_funcs': (4, 6, 8)}"
73399,215ec5c5,0.699546485260771,"{'temperature_head': 0.6000000000000001, 'latent_dim': 60, 'batch_size': 132, 'transform_funcs': (1, 8, 10)}"
73552,3b16b589,0.6950113378684807,"{'temperature_head': 0.7000000000000001, 'latent_dim': 82, 'batch_size': 180, 'transform_funcs': (3, 6, 8)}"
73876,4e545e5b,0.7125850340136054,"{'temperature_head': 0.7000000000000001, 'latent_dim': 14, 'batch_size': 233, 'transform_funcs': (4, 5, 9)}"
73913,aecd496c,0.7193877551020408,"{'temperature_head': 0.7000000000000001, 'latent_dim': 200, 'batch_size': 264, 'transform_funcs': (3, 5, 11)}"
73951,e40a83d6,0.6831065759637188,"{'temperature_head': 0.6000000000000001, 'latent_dim': 243, 'batch_size': 143, 'transform_funcs': (4, 6, 9)}"
74119,c1c99761,0.6490929705215419,"{'temperature_head': 0.4, 'latent_dim': 30, 'batch_size': 255, 'transform_funcs': (0, 4, 5)}"
74365,ad4aae42,0.7097505668934241,"{'temperature_head': 0.6000000000000001, 'latent_dim': 219, 'batch_size': 193, 'transform_funcs': (1, 8, 9)}"
74407,5feec039,0.6695011337868481,"{'temperature_head': 0.6000000000000001, 'latent_dim': 19, 'batch_size': 290, 'transform_funcs': (4, 9, 10)}"
74409,1c0e66ec,0.687641723356009,"{'temperature_head': 0.6000000000000001, 'latent_dim': 9, 'batch_size': 287, 'transform_funcs': (3, 6, 11)}"
74641,b11d9274,0.7392290249433107,"{'temperature_head': 0.5, 'latent_dim': 70, 'batch_size': 213, 'transform_funcs': (8, 10, 11)}"
74650,cfd269d9,0.7018140589569161,"{'temperature_head': 0.6000000000000001, 'latent_dim': 25, 'batch_size': 271, 'transform_funcs': (3, 5, 10)}"
74796,46a238ab,0.6910430839002267,"{'temperature_head': 0.7000000000000001, 'latent_dim': 22, 'batch_size': 304, 'transform_funcs': (2, 9, 10)}"
74877,baca4d58,0.7046485260770975,"{'temperature_head': 0.7000000000000001, 'latent_dim': 33, 'batch_size': 296, 'transform_funcs': (0, 5, 7)}"
75012,9d4be1ad,0.7097505668934241,"{'temperature_head': 0.6000000000000001, 'latent_dim': 39, 'batch_size': 277, 'transform_funcs': (7, 8, 11)}"
75173,53043120,0.7159863945578231,"{'temperature_head': 0.6000000000000001, 'latent_dim': 17, 'batch_size': 265, 'transform_funcs': (4, 5, 10)}"
75216,15341f1e,0.6298185941043084,"{'temperature_head': 0.6000000000000001, 'latent_dim': 7, 'batch_size': 280, 'transform_funcs': (0, 3, 8)}"
75271,9a0d16e8,0.7205215419501134,"{'temperature_head': 0.5, 'latent_dim': 28, 'batch_size': 248, 'transform_funcs': (8, 9, 11)}"
75458,e8829919,0.7295918367346939,"{'temperature_head': 0.7000000000000001, 'latent_dim': 44, 'batch_size': 257, 'transform_funcs': (2, 6, 11)}"
75603,f6109698,0.7097505668934241,"{'temperature_head': 0.7000000000000001, 'latent_dim': 50, 'batch_size': 286, 'transform_funcs': (3, 4, 7)}"
75609,572a16f4,0.7120181405895691,"{'temperature_head': 0.6000000000000001, 'latent_dim': 22, 'batch_size': 240, 'transform_funcs': (1, 5, 10)}"
75670,6c1513da,0.7562358276643991,"{'temperature_head': 0.7000000000000001, 'latent_dim': 16, 'batch_size': 268, 'transform_funcs': (2, 7, 8)}"
75725,9af5e24a,0.6439909297052154,"{'temperature_head': 0.5, 'latent_dim': 36, 'batch_size': 301, 'transform_funcs': (2, 6, 9)}"
75962,0ba650c8,0.6802721088435374,"{'temperature_head': 0.6000000000000001, 'latent_dim': 26, 'batch_size': 273, 'transform_funcs': (3, 4, 10)}"
75988,90022a1b,0.6819727891156463,"{'temperature_head': 0.7000000000000001, 'latent_dim': 10, 'batch_size': 260, 'transform_funcs': (0, 2, 8)}"
76025,3ab9d2a0,0.7097505668934241,"{'temperature_head': 0.7000000000000001, 'latent_dim': 4, 'batch_size': 281, 'transform_funcs': (1, 2, 7)}"
76139,8ef02e05,0.6965986394557823,"{'temperature_head': 0.6000000000000001, 'latent_dim': 41, 'batch_size': 312, 'transform_funcs': (3, 6, 10)}"
76290,142d74b1,0.719954648526077,"{'temperature_head': 0.5, 'latent_dim': 32, 'batch_size': 247, 'transform_funcs': (3, 8, 9)}"
76535,926d3072,0.7930839002267573,"{'temperature_head': 0.7000000000000001, 'latent_dim': 48, 'batch_size': 226, 'transform_funcs': (0, 2, 5)}"
76576,466b76c5,0.7709750566893424,"{'temperature_head': 0.7000000000000001, 'latent_dim': 38, 'batch_size': 293, 'transform_funcs': (4, 5, 11)}"
76583,d741b876,0.7069160997732427,"{'temperature_head': 0.6000000000000001, 'latent_dim': 55, 'batch_size': 239, 'transform_funcs': (2, 6, 8)}"
76673,b71cc120,0.7120181405895691,"{'temperature_head': 0.7000000000000001, 'latent_dim': 12, 'batch_size': 255, 'transform_funcs': (3, 4, 9)}"
76800,97e91013,0.717687074829932,"{'temperature_head': 0.8, 'latent_dim': 22, 'batch_size': 272, 'transform_funcs': (3, 7, 11)}"
77171,2486a48f,0.7386621315192744,"{'temperature_head': 0.8, 'latent_dim': 47, 'batch_size': 205, 'transform_funcs': (0, 2, 5)}"
77199,96953bd3,0.699546485260771,"{'temperature_head': 0.6000000000000001, 'latent_dim': 28, 'batch_size': 235, 'transform_funcs': (0, 10, 11)}"
77221,7a37d6b9,0.6924603174603174,"{'temperature_head': 0.8, 'latent_dim': 59, 'batch_size': 220, 'transform_funcs': (2, 3, 6)}"
77314,ba436582,0.701530612244898,"{'temperature_head': 0.8, 'latent_dim': 63, 'batch_size': 228, 'transform_funcs': (5, 7, 8)}"
77371,74899ea1,0.7528344671201814,"{'temperature_head': 0.8, 'latent_dim': 48, 'batch_size': 212, 'transform_funcs': (0, 2, 5)}"
77772,37241928,0.6797052154195011,"{'temperature_head': 0.8, 'latent_dim': 50, 'batch_size': 220, 'transform_funcs': (0, 4, 6)}"
77804,6075daf2,0.7324263038548753,"{'temperature_head': 0.8, 'latent_dim': 57, 'batch_size': 199, 'transform_funcs': (1, 6, 10)}"
77990,38490864,0.7273242630385488,"{'temperature_head': 0.7000000000000001, 'latent_dim': 68, 'batch_size': 227, 'transform_funcs': (1, 9, 10)}"
78009,c49e59e8,0.7596371882086168,"{'temperature_head': 0.8, 'latent_dim': 43, 'batch_size': 207, 'transform_funcs': (1, 7, 11)}"
78062,d3ea6e25,0.7335600907029478,"{'temperature_head': 0.7000000000000001, 'latent_dim': 79, 'batch_size': 194, 'transform_funcs': (1, 5, 11)}"
78352,3c3beb5e,0.6482993197278911,"{'temperature_head': 0.7000000000000001, 'latent_dim': 52, 'batch_size': 242, 'transform_funcs': (0, 6, 8)}"
78452,1e183a9a,0.7165532879818595,"{'temperature_head': 0.8, 'latent_dim': 62, 'batch_size': 183, 'transform_funcs': (0, 7, 8)}"
78630,8e7265a3,0.7273242630385488,"{'temperature_head': 0.7000000000000001, 'latent_dim': 43, 'batch_size': 222, 'transform_funcs': (4, 8, 11)}"
78712,10f4dd70,0.721655328798186,"{'temperature_head': 0.7000000000000001, 'latent_dim': 36, 'batch_size': 233, 'transform_funcs': (0, 5, 9)}"
78757,5d09b639,0.6519274376417233,"{'temperature_head': 0.7000000000000001, 'latent_dim': 75, 'batch_size': 249, 'transform_funcs': (1, 4, 8)}"
78902,bab7d1c8,0.6978458049886621,"{'temperature_head': 0.8, 'latent_dim': 32, 'batch_size': 174, 'transform_funcs': (2, 8, 9)}"
78976,1e20e71a,0.7517006802721088,"{'temperature_head': 0.8, 'latent_dim': 66, 'batch_size': 212, 'transform_funcs': (0, 2, 10)}"
79321,504ddab5,0.7120181405895691,"{'temperature_head': 0.7000000000000001, 'latent_dim': 55, 'batch_size': 228, 'transform_funcs': (0, 1, 4)}"
79417,f1dbdeb4,0.6972789115646258,"{'temperature_head': 0.8, 'latent_dim': 46, 'batch_size': 187, 'transform_funcs': (4, 7, 11)}"
79502,3cfe7090,0.7273242630385488,"{'temperature_head': 0.7000000000000001, 'latent_dim': 92, 'batch_size': 198, 'transform_funcs': (2, 4, 8)}"
79568,d59cd918,0.7023809523809523,"{'temperature_head': 0.8, 'latent_dim': 70, 'batch_size': 238, 'transform_funcs': (0, 2, 5)}"
79589,0ab6b5e6,0.6700680272108844,"{'temperature_head': 0.7000000000000001, 'latent_dim': 39, 'batch_size': 166, 'transform_funcs': (3, 8, 10)}"
79922,9319be13,0.7193877551020408,"{'temperature_head': 0.7000000000000001, 'latent_dim': 2, 'batch_size': 230, 'transform_funcs': (0, 8, 10)}"
79973,dd284890,0.7142857142857143,"{'temperature_head': 0.8, 'latent_dim': 51, 'batch_size': 218, 'transform_funcs': (3, 7, 9)}"
80049,8be45bbf,0.7188208616780045,"{'temperature_head': 0.7000000000000001, 'latent_dim': 32, 'batch_size': 205, 'transform_funcs': (1, 7, 8)}"
80160,ec5d6a58,0.7069160997732427,"{'temperature_head': 0.7000000000000001, 'latent_dim': 58, 'batch_size': 249, 'transform_funcs': (2, 4, 11)}"
80318,5d509371,0.699546485260771,"{'temperature_head': 0.8, 'latent_dim': 85, 'batch_size': 261, 'transform_funcs': (1, 3, 8)}"
80345,9b9750a6,0.6797052154195011,"{'temperature_head': 0.8, 'latent_dim': 17, 'batch_size': 242, 'transform_funcs': (2, 10, 11)}"
80630,bb237529,0.7301587301587301,"{'temperature_head': 0.9, 'latent_dim': 76, 'batch_size': 211, 'transform_funcs': (0, 1, 11)}"
80750,835c6235,0.7074829931972789,"{'temperature_head': 0.8, 'latent_dim': 63, 'batch_size': 251, 'transform_funcs': (1, 2, 11)}"
80879,8f2663f2,0.7103174603174602,"{'temperature_head': 0.4, 'latent_dim': 26, 'batch_size': 264, 'transform_funcs': (0, 5, 10)}"
80923,f88384bd,0.7154195011337868,"{'temperature_head': 0.7000000000000001, 'latent_dim': 107, 'batch_size': 222, 'transform_funcs': (7, 8, 9)}"
81040,358a5b50,0.7052154195011338,"{'temperature_head': 0.7000000000000001, 'latent_dim': 97, 'batch_size': 185, 'transform_funcs': (1, 10, 11)}"
81151,56d7be6b,0.6888888888888889,"{'temperature_head': 0.6000000000000001, 'latent_dim': 40, 'batch_size': 193, 'transform_funcs': (1, 2, 6)}"
81415,6664d018,0.7142857142857143,"{'temperature_head': 0.9, 'latent_dim': 35, 'batch_size': 206, 'transform_funcs': (0, 9, 11)}"
81480,55c46fd7,0.7018140589569161,"{'temperature_head': 0.8, 'latent_dim': 54, 'batch_size': 234, 'transform_funcs': (2, 7, 10)}"
81556,81001a86,0.699546485260771,"{'temperature_head': 0.5, 'latent_dim': 170, 'batch_size': 255, 'transform_funcs': (2, 6, 10)}"
81589,22d1cd66,0.7012471655328798,"{'temperature_head': 0.6000000000000001, 'latent_dim': 44, 'batch_size': 216, 'transform_funcs': (4, 8, 9)}"
81904,5f9f550c,0.7166099773242631,"{'temperature_head': 0.7000000000000001, 'latent_dim': 67, 'batch_size': 243, 'transform_funcs': (3, 9, 10)}"
81992,2b84c076,0.7046485260770975,"{'temperature_head': 0.8, 'latent_dim': 13, 'batch_size': 177, 'transform_funcs': (1, 9, 11)}"
82186,8e9b23d8,0.7012471655328798,"{'temperature_head': 0.6000000000000001, 'latent_dim': 30, 'batch_size': 198, 'transform_funcs': (1, 5, 6)}"
82318,2b362a7d,0.7329931972789115,"{'temperature_head': 0.8, 'latent_dim': 80, 'batch_size': 267, 'transform_funcs': (5, 10, 11)}"
82404,a71b27cb,0.7239229024943311,"{'temperature_head': 0.7000000000000001, 'latent_dim': 128, 'batch_size': 227, 'transform_funcs': (1, 2, 3)}"
82476,fb840fad,0.7125850340136054,"{'temperature_head': 0.5, 'latent_dim': 47, 'batch_size': 258, 'transform_funcs': (1, 2, 9)}"
82571,d7c8866e,0.7193877551020408,"{'temperature_head': 0.9, 'latent_dim': 101, 'batch_size': 237, 'transform_funcs': (3, 6, 9)}"
82589,e478c215,0.699546485260771,"{'temperature_head': 0.7000000000000001, 'latent_dim': 20, 'batch_size': 274, 'transform_funcs': (1, 2, 4)}"
82706,81f1a1b5,0.7256235827664399,"{'temperature_head': 0.6000000000000001, 'latent_dim': 2, 'batch_size': 217, 'transform_funcs': (2, 7, 9)}"
82866,378ebed7,0.726530612244898,"{'temperature_head': 0.8, 'latent_dim': 25, 'batch_size': 246, 'transform_funcs': (0, 3, 9)}"
83167,269ff625,0.7301587301587301,"{'temperature_head': 0.9, 'latent_dim': 56, 'batch_size': 226, 'transform_funcs': (0, 3, 6)}"
83173,d7a5ac40,0.7125850340136054,"{'temperature_head': 0.6000000000000001, 'latent_dim': 37, 'batch_size': 164, 'transform_funcs': (1, 7, 10)}"
83217,bce3d335,0.6445578231292517,"{'temperature_head': 0.7000000000000001, 'latent_dim': 88, 'batch_size': 203, 'transform_funcs': (5, 8, 10)}"
83386,ce075c6a,0.6887755102040817,"{'temperature_head': 0.7000000000000001, 'latent_dim': 50, 'batch_size': 253, 'transform_funcs': (1, 3, 11)}"
83515,d36b4b4a,0.7154195011337868,"{'temperature_head': 0.8, 'latent_dim': 61, 'batch_size': 153, 'transform_funcs': (1, 4, 11)}"
83780,000a5b4e,0.7103174603174603,"{'temperature_head': 0.8, 'latent_dim': 10, 'batch_size': 190, 'transform_funcs': (1, 2, 8)}"
83804,0b42eba1,0.7120181405895691,"{'temperature_head': 0.6000000000000001, 'latent_dim': 31, 'batch_size': 266, 'transform_funcs': (8, 9, 10)}"
83814,c38e3904,0.7465986394557823,"{'temperature_head': 0.5, 'latent_dim': 72, 'batch_size': 282, 'transform_funcs': (0, 4, 8)}"
83974,537d38b7,0.693424036281179,"{'temperature_head': 0.7000000000000001, 'latent_dim': 138, 'batch_size': 232, 'transform_funcs': (5, 6, 10)}"
84064,5527d0cb,0.7063492063492064,"{'temperature_head': 0.7000000000000001, 'latent_dim': 43, 'batch_size': 237, 'transform_funcs': (6, 8, 11)}"
84268,e2d7b934,0.7239229024943311,"{'temperature_head': 0.9, 'latent_dim': 16, 'batch_size': 210, 'transform_funcs': (0, 6, 7)}"
84588,370a50d6,0.713718820861678,"{'temperature_head': 0.7000000000000001, 'latent_dim': 35, 'batch_size': 278, 'transform_funcs': (0, 1, 5)}"
84664,425dd817,0.7091836734693877,"{'temperature_head': 0.6000000000000001, 'latent_dim': 110, 'batch_size': 260, 'transform_funcs': (0, 5, 8)}"
84732,539acf7c,0.6904761904761905,"{'temperature_head': 0.4, 'latent_dim': 67, 'batch_size': 250, 'transform_funcs': (1, 2, 10)}"
84748,dc838889,0.673469387755102,"{'temperature_head': 0.5, 'latent_dim': 23, 'batch_size': 242, 'transform_funcs': (6, 8, 9)}"
84845,6e6e6de0,0.6910430839002267,"{'temperature_head': 0.8, 'latent_dim': 237, 'batch_size': 223, 'transform_funcs': (4, 6, 7)}"
84977,c41d141f,0.7426303854875284,"{'temperature_head': 0.7000000000000001, 'latent_dim': 7, 'batch_size': 182, 'transform_funcs': (1, 4, 7)}"
85351,fff04219,0.7188208616780045,"{'temperature_head': 0.8, 'latent_dim': 83, 'batch_size': 198, 'transform_funcs': (1, 5, 7)}"
85385,629a3293,0.7086167800453514,"{'temperature_head': 0.8, 'latent_dim': 52, 'batch_size': 300, 'transform_funcs': (7, 9, 10)}"
85440,e1eb23ce,0.717687074829932,"{'temperature_head': 0.7000000000000001, 'latent_dim': 40, 'batch_size': 290, 'transform_funcs': (1, 7, 9)}"
85501,0893ad38,0.7233560090702947,"{'temperature_head': 0.9, 'latent_dim': 94, 'batch_size': 171, 'transform_funcs': (0, 1, 10)}"
85705,4b76d146,0.7590702947845805,"{'temperature_head': 0.5, 'latent_dim': 76, 'batch_size': 213, 'transform_funcs': (7, 8, 10)}"
85970,c86d30ce,0.7069160997732427,"{'temperature_head': 0.6000000000000001, 'latent_dim': 27, 'batch_size': 223, 'transform_funcs': (0, 7, 9)}"
86189,85bdde62,0.7488662131519275,"{'temperature_head': 0.6000000000000001, 'latent_dim': 18, 'batch_size': 205, 'transform_funcs': (1, 6, 8)}"
86217,a1b3a249,0.7738095238095238,"{'temperature_head': 0.7000000000000001, 'latent_dim': 49, 'batch_size': 232, 'transform_funcs': (5, 8, 11)}"
86261,9d9b7a38,0.7012471655328798,"{'temperature_head': 0.1, 'latent_dim': 62, 'batch_size': 271, 'transform_funcs': (6, 10, 11)}"
86418,12b3dbf3,0.6813492063492064,"{'temperature_head': 0.8, 'latent_dim': 157, 'batch_size': 245, 'transform_funcs': (1, 3, 10)}"
86473,2df379eb,0.7108843537414966,"{'temperature_head': 0.8, 'latent_dim': 56, 'batch_size': 260, 'transform_funcs': (1, 3, 6)}"
86506,0f0af872,0.6904761904761905,"{'temperature_head': 0.7000000000000001, 'latent_dim': 2, 'batch_size': 190, 'transform_funcs': (1, 4, 5)}"
86769,f9cd5659,0.7103174603174602,"{'temperature_head': 0.5, 'latent_dim': 45, 'batch_size': 278, 'transform_funcs': (0, 2, 3)}"
86938,df5e5c94,0.7131519274376418,"{'temperature_head': 0.8, 'latent_dim': 72, 'batch_size': 219, 'transform_funcs': (3, 7, 8)}"
87087,bb9f79e0,0.7097505668934241,"{'temperature_head': 0.4, 'latent_dim': 32, 'batch_size': 238, 'transform_funcs': (4, 6, 11)}"
87102,740282a8,0.679875283446712,"{'temperature_head': 0.6000000000000001, 'latent_dim': 38, 'batch_size': 252, 'transform_funcs': (3, 4, 8)}"
87209,d337cd5c,0.7250566893424036,"{'temperature_head': 0.9, 'latent_dim': 118, 'batch_size': 314, 'transform_funcs': (1, 5, 8)}"
87271,e70ceb6c,0.7001133786848073,"{'temperature_head': 0.7000000000000001, 'latent_dim': 15, 'batch_size': 296, 'transform_funcs': (2, 4, 9)}"
87293,e5ac7ace,0.6910430839002267,"{'temperature_head': 0.30000000000000004, 'latent_dim': 27, 'batch_size': 268, 'transform_funcs': (5, 6, 8)}"
87642,bea23c1f,0.6665532879818594,"{'temperature_head': 0.6000000000000001, 'latent_dim': 8, 'batch_size': 180, 'transform_funcs': (2, 3, 8)}"
87739,d16f25f9,0.7517006802721088,"{'temperature_head': 0.7000000000000001, 'latent_dim': 59, 'batch_size': 284, 'transform_funcs': (0, 8, 11)}"
87858,8a42bb2c,0.7023809523809523,"{'temperature_head': 0.8, 'latent_dim': 91, 'batch_size': 229, 'transform_funcs': (5, 8, 9)}"
87942,5827e1d1,0.6927437641723356,"{'temperature_head': 0.8, 'latent_dim': 66, 'batch_size': 201, 'transform_funcs': (4, 5, 11)}"
88034,19759afb,0.719954648526077,"{'temperature_head': 0.9, 'latent_dim': 101, 'batch_size': 211, 'transform_funcs': (0, 7, 11)}"
88197,baa317ae,0.7052154195011338,"{'temperature_head': 0.7000000000000001, 'latent_dim': 42, 'batch_size': 257, 'transform_funcs': (0, 3, 7)}"
88264,a7aceffb,0.6275510204081632,"{'temperature_head': 0.6000000000000001, 'latent_dim': 22, 'batch_size': 249, 'transform_funcs': (0, 3, 10)}"
88513,7c4086ff,0.7097505668934241,"{'temperature_head': 0.5, 'latent_dim': 35, 'batch_size': 242, 'transform_funcs': (1, 3, 7)}"
88590,61311380,0.7188208616780045,"{'temperature_head': 0.9, 'latent_dim': 52, 'batch_size': 265, 'transform_funcs': (0, 5, 6)}"
88653,0121cfda,0.7103174603174603,"{'temperature_head': 0.7000000000000001, 'latent_dim': 82, 'batch_size': 323, 'transform_funcs': (0, 1, 8)}"
89011,a622dbb2,0.7142857142857143,"{'temperature_head': 0.7000000000000001, 'latent_dim': 132, 'batch_size': 307, 'transform_funcs': (0, 4, 10)}"
89028,96421bf1,0.7086167800453514,"{'temperature_head': 0.4, 'latent_dim': 13, 'batch_size': 157, 'transform_funcs': (4, 9, 11)}"
89103,5cdbc3d1,0.7012471655328798,"{'temperature_head': 0.8, 'latent_dim': 178, 'batch_size': 220, 'transform_funcs': (1, 6, 11)}"
89294,3ab39ef8,0.7142857142857143,"{'temperature_head': 0.8, 'latent_dim': 47, 'batch_size': 193, 'transform_funcs': (3, 7, 10)}"
89302,78f889f5,0.7114512471655329,"{'temperature_head': 0.6000000000000001, 'latent_dim': 70, 'batch_size': 235, 'transform_funcs': (4, 7, 8)}"
89388,d486c9ab,0.670124716553288,"{'temperature_head': 0.7000000000000001, 'latent_dim': 31, 'batch_size': 291, 'transform_funcs': (0, 2, 4)}"
89416,694a1598,0.7732426303854876,"{'temperature_head': 0.5, 'latent_dim': 19, 'batch_size': 272, 'transform_funcs': (2, 5, 11)}"
89769,39c1d9eb,0.6831065759637188,"{'temperature_head': 0.9, 'latent_dim': 26, 'batch_size': 209, 'transform_funcs': (1, 4, 6)}"
89776,6090f524,0.703514739229025,"{'temperature_head': 0.7000000000000001, 'latent_dim': 78, 'batch_size': 169, 'transform_funcs': (0, 4, 9)}"
89893,f7fab3f1,0.7069160997732427,"{'temperature_head': 0.8, 'latent_dim': 7, 'batch_size': 128, 'transform_funcs': (0, 6, 9)}"
89933,f3b4426b,0.7080498866213152,"{'temperature_head': 0.8, 'latent_dim': 40, 'batch_size': 255, 'transform_funcs': (4, 8, 10)}"
90022,7a5a8dfb,0.7505668934240363,"{'temperature_head': 0.6000000000000001, 'latent_dim': 60, 'batch_size': 227, 'transform_funcs': (5, 7, 10)}"
90221,fac9209b,0.6802721088435374,"{'temperature_head': 0.8, 'latent_dim': 2, 'batch_size': 216, 'transform_funcs': (0, 3, 4)}"
90521,48fb932e,0.7091836734693877,"{'temperature_head': 0.6000000000000001, 'latent_dim': 123, 'batch_size': 282, 'transform_funcs': (0, 8, 9)}"
90537,03350da1,0.7562358276643991,"{'temperature_head': 0.7000000000000001, 'latent_dim': 87, 'batch_size': 244, 'transform_funcs': (0, 9, 10)}"
90753,eb5c3cd5,0.721655328798186,"{'temperature_head': 0.9, 'latent_dim': 114, 'batch_size': 330, 'transform_funcs': (1, 8, 11)}"
90766,26e62ab9,0.6904761904761905,"{'temperature_head': 0.7000000000000001, 'latent_dim': 46, 'batch_size': 177, 'transform_funcs': (3, 4, 11)}"
90768,a76f2dfd,0.6695011337868481,"{'temperature_head': 0.5, 'latent_dim': 54, 'batch_size': 262, 'transform_funcs': (4, 7, 9)}"
90983,fc107357,0.699546485260771,"{'temperature_head': 0.7000000000000001, 'latent_dim': 13, 'batch_size': 202, 'transform_funcs': (3, 5, 9)}"
91100,2c9481fd,0.7222222222222222,"{'temperature_head': 0.6000000000000001, 'latent_dim': 36, 'batch_size': 141, 'transform_funcs': (0, 6, 10)}"
91246,57346f60,0.7063492063492064,"{'temperature_head': 0.8, 'latent_dim': 23, 'batch_size': 231, 'transform_funcs': (3, 9, 11)}"
91448,a82e50ce,0.6899092970521542,"{'temperature_head': 0.7000000000000001, 'latent_dim': 64, 'batch_size': 307, 'transform_funcs': (6, 8, 10)}"
91678,715f7bae,0.6989795918367347,"{'temperature_head': 0.5, 'latent_dim': 75, 'batch_size': 238, 'transform_funcs': (1, 4, 9)}"
91722,b0145dab,0.7018140589569161,"{'temperature_head': 0.2, 'latent_dim': 56, 'batch_size': 272, 'transform_funcs': (0, 2, 9)}"
91746,5926a031,0.7108843537414966,"{'temperature_head': 0.8, 'latent_dim': 151, 'batch_size': 186, 'transform_funcs': (7, 10, 11)}"
91881,3400264f,0.6979591836734694,"{'temperature_head': 0.4, 'latent_dim': 51, 'batch_size': 247, 'transform_funcs': (1, 6, 9)}"
92011,05e52e87,0.6904761904761905,"{'temperature_head': 0.9, 'latent_dim': 2, 'batch_size': 286, 'transform_funcs': (0, 2, 7)}"
92140,bee34bac,0.6893424036281179,"{'temperature_head': 0.6000000000000001, 'latent_dim': 28, 'batch_size': 299, 'transform_funcs': (1, 3, 5)}"
92211,19604de5,0.7307256235827665,"{'temperature_head': 0.7000000000000001, 'latent_dim': 105, 'batch_size': 225, 'transform_funcs': (3, 5, 7)}"
92214,02c32b6a,0.6972789115646258,"{'temperature_head': 0.8, 'latent_dim': 40, 'batch_size': 197, 'transform_funcs': (3, 4, 5)}"
92321,1a410b84,0.6950113378684807,"{'temperature_head': 0.7000000000000001, 'latent_dim': 20, 'batch_size': 209, 'transform_funcs': (4, 10, 11)}"
92681,9a5f9141,0.6938775510204082,"{'temperature_head': 0.6000000000000001, 'latent_dim': 96, 'batch_size': 258, 'transform_funcs': (2, 4, 5)}"
92732,2fc4837f,0.7069160997732427,"{'temperature_head': 0.6000000000000001, 'latent_dim': 32, 'batch_size': 215, 'transform_funcs': (0, 2, 5)}"
92845,94c5fc1f,0.6944444444444444,"{'temperature_head': 0.7000000000000001, 'latent_dim': 72, 'batch_size': 275, 'transform_funcs': (5, 7, 11)}"
92879,525c0d80,0.7250566893424036,"{'temperature_head': 0.8, 'latent_dim': 46, 'batch_size': 149, 'transform_funcs': (2, 9, 11)}"
92912,34a9c783,0.7307256235827665,"{'temperature_head': 0.5, 'latent_dim': 68, 'batch_size': 317, 'transform_funcs': (5, 6, 11)}"
93065,eb421e01,0.6978458049886621,"{'temperature_head': 0.8, 'latent_dim': 11, 'batch_size': 254, 'transform_funcs': (6, 7, 9)}"
93263,ce7ff63e,0.7063492063492064,"{'temperature_head': 0.7000000000000001, 'latent_dim': 61, 'batch_size': 236, 'transform_funcs': (5, 6, 9)}"
93441,9e473d30,0.6773809523809524,"{'temperature_head': 0.6000000000000001, 'latent_dim': 36, 'batch_size': 265, 'transform_funcs': (0, 1, 2)}"
93489,852d6a70,0.6808390022675737,"{'temperature_head': 0.7000000000000001, 'latent_dim': 16, 'batch_size': 191, 'transform_funcs': (2, 3, 11)}"
93518,32f72506,0.7103174603174603,"{'temperature_head': 0.9, 'latent_dim': 83, 'batch_size': 345, 'transform_funcs': (6, 7, 11)}"
93554,0cc14abb,0.7108843537414966,"{'temperature_head': 0.8, 'latent_dim': 44, 'batch_size': 224, 'transform_funcs': (9, 10, 11)}"
93732,b7cfe250,0.7477324263038548,"{'temperature_head': 0.9, 'latent_dim': 27, 'batch_size': 248, 'transform_funcs': (3, 5, 8)}"
93745,f8dedf85,0.7001133786848073,"{'temperature_head': 0.7000000000000001, 'latent_dim': 7, 'batch_size': 294, 'transform_funcs': (1, 3, 8)}"
93979,74c3dacf,0.7114512471655329,"{'temperature_head': 0.8, 'latent_dim': 31, 'batch_size': 242, 'transform_funcs': (0, 4, 7)}"
94119,851928a0,0.7091836734693877,"{'temperature_head': 0.5, 'latent_dim': 53, 'batch_size': 282, 'transform_funcs': (6, 7, 8)}"
94225,e10a03e7,0.717687074829932,"{'temperature_head': 0.7000000000000001, 'latent_dim': 22, 'batch_size': 203, 'transform_funcs': (0, 5, 11)}"
94291,451aca45,0.7010770975056689,"{'temperature_head': 0.8, 'latent_dim': 58, 'batch_size': 230, 'transform_funcs': (2, 3, 5)}"
94315,1b08b23f,0.7329931972789115,"{'temperature_head': 0.6000000000000001, 'latent_dim': 90, 'batch_size': 161, 'transform_funcs': (2, 4, 10)}"
94602,7b411c76,0.6859410430839002,"{'temperature_head': 0.6000000000000001, 'latent_dim': 41, 'batch_size': 220, 'transform_funcs': (5, 10, 11)}"
94853,8b745412,0.7375283446712018,"{'temperature_head': 0.6000000000000001, 'latent_dim': 18, 'batch_size': 274, 'transform_funcs': (2, 3, 4)}"
94879,bc626063,0.6842403628117913,"{'temperature_head': 0.7000000000000001, 'latent_dim': 77, 'batch_size': 184, 'transform_funcs': (3, 10, 11)}"
95019,86cdc313,0.6910430839002267,"{'temperature_head': 0.8, 'latent_dim': 51, 'batch_size': 169, 'transform_funcs': (1, 3, 4)}"
95095,7e10189f,0.7278911564625851,"{'temperature_head': 0.9, 'latent_dim': 64, 'batch_size': 264, 'transform_funcs': (0, 7, 10)}"
95119,ab912cb0,0.7131519274376418,"{'temperature_head': 0.8, 'latent_dim': 34, 'batch_size': 251, 'transform_funcs': (0, 1, 9)}"
95412,98e68e7e,0.6989795918367347,"{'temperature_head': 0.7000000000000001, 'latent_dim': 48, 'batch_size': 208, 'transform_funcs': (2, 5, 10)}"
95670,56d6e006,0.6937074829931973,"{'temperature_head': 0.7000000000000001, 'latent_dim': 26, 'batch_size': 198, 'transform_funcs': (1, 5, 9)}"
95695,3777d0db,0.7103174603174603,"{'temperature_head': 0.4, 'latent_dim': 194, 'batch_size': 337, 'transform_funcs': (2, 5, 7)}"
95733,fca90ee7,0.6723356009070295,"{'temperature_head': 0.30000000000000004, 'latent_dim': 2, 'batch_size': 218, 'transform_funcs': (2, 3, 7)}"
95783,7e86a4c0,0.7244897959183674,"{'temperature_head': 0.5, 'latent_dim': 69, 'batch_size': 235, 'transform_funcs': (6, 9, 10)}"
95928,e8022059,0.6831065759637188,"{'temperature_head': 0.6000000000000001, 'latent_dim': 140, 'batch_size': 301, 'transform_funcs': (4, 5, 7)}"
96112,e1428cc8,0.731859410430839,"{'temperature_head': 0.9, 'latent_dim': 10, 'batch_size': 286, 'transform_funcs': (4, 5, 6)}"
96311,a1a5d392,0.6883786848072562,"{'temperature_head': 0.7000000000000001, 'latent_dim': 14, 'batch_size': 324, 'transform_funcs': (0, 1, 3)}"
96318,1883010f,0.7420634920634921,"{'temperature_head': 1.0, 'latent_dim': 40, 'batch_size': 257, 'transform_funcs': (2, 5, 9)}"
96396,15357dc1,0.7182539682539683,"{'temperature_head': 0.4, 'latent_dim': 58, 'batch_size': 243, 'transform_funcs': (0, 1, 7)}"
96446,aaab723e,0.6793083900226757,"{'temperature_head': 0.8, 'latent_dim': 100, 'batch_size': 177, 'transform_funcs': (1, 2, 4)}"
96712,13c73fdf,0.6967120181405896,"{'temperature_head': 0.8, 'latent_dim': 79, 'batch_size': 313, 'transform_funcs': (1, 2, 5)}"
96888,eef72974,0.7001133786848073,"{'temperature_head': 0.5, 'latent_dim': 30, 'batch_size': 228, 'transform_funcs': (0, 5, 10)}"
96974,eaec2b3e,0.7556689342403629,"{'temperature_head': 0.8, 'latent_dim': 44, 'batch_size': 214, 'transform_funcs': (2, 5, 8)}"
97124,09bd9a61,0.699546485260771,"{'temperature_head': 0.7000000000000001, 'latent_dim': 109, 'batch_size': 278, 'transform_funcs': (3, 5, 6)}"
97140,e41b787e,0.7051587301587301,"{'temperature_head': 0.7000000000000001, 'latent_dim': 21, 'batch_size': 268, 'transform_funcs': (0, 3, 5)}"
97146,2995087f,0.716780045351474,"{'temperature_head': 0.6000000000000001, 'latent_dim': 165, 'batch_size': 263, 'transform_funcs': (0, 2, 6)}"
97609,a8c04bea,0.719954648526077,"{'temperature_head': 0.9, 'latent_dim': 64, 'batch_size': 191, 'transform_funcs': (5, 7, 9)}"
97651,11e8e9c3,0.6968253968253968,"{'temperature_head': 0.6000000000000001, 'latent_dim': 36, 'batch_size': 292, 'transform_funcs': (5, 9, 10)}"
97828,ab364fc4,0.7029478458049887,"{'temperature_head': 0.7000000000000001, 'latent_dim': 49, 'batch_size': 239, 'transform_funcs': (3, 6, 7)}"
97838,db7832f2,0.7040816326530612,"{'temperature_head': 0.8, 'latent_dim': 54, 'batch_size': 250, 'transform_funcs': (6, 7, 10)}"
97984,8230f2ec,0.6963718820861677,"{'temperature_head': 0.5, 'latent_dim': 86, 'batch_size': 304, 'transform_funcs': (0, 4, 11)}"
98112,4bc1c0fa,0.7120181405895691,"{'temperature_head': 0.8, 'latent_dim': 25, 'batch_size': 231, 'transform_funcs': (4, 6, 10)}"
98181,e772dcf4,0.7375283446712018,"{'temperature_head': 0.7000000000000001, 'latent_dim': 8, 'batch_size': 258, 'transform_funcs': (0, 3, 11)}"
98280,3e7a44be,0.7290249433106576,"{'temperature_head': 0.6000000000000001, 'latent_dim': 74, 'batch_size': 207, 'transform_funcs': (0, 1, 6)}"
98311,5d2da8ff,0.683843537414966,"{'temperature_head': 0.8, 'latent_dim': 17, 'batch_size': 220, 'transform_funcs': (4, 6, 9)}"
98444,d6094c64,0.6904761904761905,"{'temperature_head': 0.7000000000000001, 'latent_dim': 2, 'batch_size': 246, 'transform_funcs': (0, 6, 11)}"
98663,41062eef,0.6729024943310657,"{'temperature_head': 0.9, 'latent_dim': 93, 'batch_size': 274, 'transform_funcs': (2, 8, 11)}"
98869,3af558f9,0.6950113378684807,"{'temperature_head': 0.7000000000000001, 'latent_dim': 39, 'batch_size': 197, 'transform_funcs': (4, 7, 10)}"
98915,9de783d1,0.7144557823129252,"{'temperature_head': 0.6000000000000001, 'latent_dim': 68, 'batch_size': 183, 'transform_funcs': (0, 3, 8)}"
98949,3b7cbf1f,0.6944444444444444,"{'temperature_head': 0.5, 'latent_dim': 32, 'batch_size': 504, 'transform_funcs': (1, 4, 10)}"
99094,d5f04e7e,0.6955215419501133,"{'temperature_head': 0.8, 'latent_dim': 127, 'batch_size': 236, 'transform_funcs': (2, 6, 7)}"
99306,17255e0b,0.7063492063492064,"{'temperature_head': 0.9, 'latent_dim': 59, 'batch_size': 291, 'transform_funcs': (5, 9, 11)}"
99559,2499b932,0.7205215419501134,"{'temperature_head': 0.7000000000000001, 'latent_dim': 49, 'batch_size': 213, 'transform_funcs': (3, 6, 8)}"
99601,b98aa642,0.6938775510204082,"{'temperature_head': 0.7000000000000001, 'latent_dim': 42, 'batch_size': 232, 'transform_funcs': (1, 8, 9)}"
99608,9c93c6be,0.6875850340136054,"{'temperature_head': 0.7000000000000001, 'latent_dim': 114, 'batch_size': 225, 'transform_funcs': (2, 7, 11)}"
99614,cb7031e3,0.717687074829932,"{'temperature_head': 0.6000000000000001, 'latent_dim': 46, 'batch_size': 173, 'transform_funcs': (7, 9, 11)}"
99879,a4337f86,0.7397959183673469,"{'temperature_head': 0.7000000000000001, 'latent_dim': 54, 'batch_size': 243, 'transform_funcs': (2, 6, 10)}"
100124,d5fa249d,0.7653061224489796,"{'temperature_head': 0.7000000000000001, 'latent_dim': 29, 'batch_size': 204, 'transform_funcs': (4, 5, 8)}"
100154,9242b659,0.6870748299319728,"{'temperature_head': 0.7000000000000001, 'latent_dim': 35, 'batch_size': 254, 'transform_funcs': (8, 10, 11)}"
100156,b81e1b41,0.6780045351473923,"{'temperature_head': 0.7000000000000001, 'latent_dim': 40, 'batch_size': 231, 'transform_funcs': (5, 8, 11)}"
100213,dae52e0b,0.7477324263038548,"{'temperature_head': 0.7000000000000001, 'latent_dim': 49, 'batch_size': 223, 'transform_funcs': (3, 5, 11)}"
100462,d306c51a,0.6781746031746032,"{'temperature_head': 0.7000000000000001, 'latent_dim': 63, 'batch_size': 241, 'transform_funcs': (2, 7, 8)}"
100623,aff25d65,0.7772108843537415,"{'temperature_head': 0.7000000000000001, 'latent_dim': 36, 'batch_size': 263, 'transform_funcs': (0, 4, 5)}"
100679,d2a0ee11,0.7125850340136054,"{'temperature_head': 0.6000000000000001, 'latent_dim': 22, 'batch_size': 230, 'transform_funcs': (1, 8, 10)}"
100759,6762d2b0,0.7035714285714286,"{'temperature_head': 0.8, 'latent_dim': 56, 'batch_size': 250, 'transform_funcs': (2, 3, 9)}"
100801,652898d5,0.7273242630385488,"{'temperature_head': 0.6000000000000001, 'latent_dim': 45, 'batch_size': 215, 'transform_funcs': (1, 3, 9)}"
100992,f16328f7,0.7108843537414966,"{'temperature_head': 0.7000000000000001, 'latent_dim': 31, 'batch_size': 269, 'transform_funcs': (2, 4, 6)}"
101033,36f82435,0.7511337868480725,"{'temperature_head': 0.7000000000000001, 'latent_dim': 13, 'batch_size': 261, 'transform_funcs': (0, 4, 5)}"
101194,871264ca,0.7039682539682539,"{'temperature_head': 0.8, 'latent_dim': 19, 'batch_size': 273, 'transform_funcs': (4, 6, 8)}"
101196,a77d7327,0.7227891156462585,"{'temperature_head': 0.8, 'latent_dim': 27, 'batch_size': 238, 'transform_funcs': (4, 9, 10)}"
101248,c4eb3846,0.6967120181405896,"{'temperature_head': 0.7000000000000001, 'latent_dim': 37, 'batch_size': 280, 'transform_funcs': (5, 6, 7)}"
101431,22a72d91,0.7038548752834467,"{'temperature_head': 0.8, 'latent_dim': 23, 'batch_size': 266, 'transform_funcs': (0, 2, 4)}"
101517,011bf4bf,0.7114512471655329,"{'temperature_head': 0.6000000000000001, 'latent_dim': 33, 'batch_size': 285, 'transform_funcs': (4, 5, 10)}"
101575,accff9f2,0.6938775510204082,"{'temperature_head': 0.7000000000000001, 'latent_dim': 6, 'batch_size': 249, 'transform_funcs': (0, 4, 5)}"
101731,224556ab,0.7290249433106576,"{'temperature_head': 0.7000000000000001, 'latent_dim': 42, 'batch_size': 255, 'transform_funcs': (1, 6, 7)}"
101757,9f357458,0.7023809523809523,"{'temperature_head': 0.6000000000000001, 'latent_dim': 26, 'batch_size': 262, 'transform_funcs': (4, 5, 11)}"
101839,e7ae00d0,0.7125850340136054,"{'temperature_head': 0.8, 'latent_dim': 13, 'batch_size': 279, 'transform_funcs': (8, 9, 11)}"
101942,db22b440,0.7142857142857143,"{'temperature_head': 0.8, 'latent_dim': 18, 'batch_size': 296, 'transform_funcs': (1, 5, 10)}"
102021,2cc96a7e,0.6757369614512472,"{'temperature_head': 0.7000000000000001, 'latent_dim': 33, 'batch_size': 255, 'transform_funcs': (3, 4, 7)}"
102286,24f7eff1,0.6871315192743765,"{'temperature_head': 0.6000000000000001, 'latent_dim': 40, 'batch_size': 269, 'transform_funcs': (4, 8, 11)}"
102291,1d4ef119,0.6972789115646258,"{'temperature_head': 0.8, 'latent_dim': 24, 'batch_size': 284, 'transform_funcs': (3, 4, 10)}"
102390,c3db8822,0.7732426303854876,"{'temperature_head': 0.7000000000000001, 'latent_dim': 51, 'batch_size': 240, 'transform_funcs': (3, 8, 11)}"
102406,fa23ffee,0.7477324263038548,"{'temperature_head': 0.7000000000000001, 'latent_dim': 35, 'batch_size': 260, 'transform_funcs': (0, 2, 11)}"
102506,88d4ce1b,0.6904761904761905,"{'temperature_head': 0.6000000000000001, 'latent_dim': 46, 'batch_size': 245, 'transform_funcs': (1, 6, 10)}"
102858,9e9eb142,0.7386621315192744,"{'temperature_head': 0.7000000000000001, 'latent_dim': 12, 'batch_size': 267, 'transform_funcs': (6, 9, 11)}"
102897,935631d9,0.7023809523809523,"{'temperature_head': 0.7000000000000001, 'latent_dim': 29, 'batch_size': 303, 'transform_funcs': (4, 5, 9)}"
102948,fe19f821,0.7227891156462585,"{'temperature_head': 0.6000000000000001, 'latent_dim': 43, 'batch_size': 274, 'transform_funcs': (2, 6, 11)}"
103003,a0c18efa,0.6955782312925171,"{'temperature_head': 0.8, 'latent_dim': 57, 'batch_size': 225, 'transform_funcs': (0, 4, 5)}"
103056,76f03f98,0.7108843537414966,"{'temperature_head': 0.8, 'latent_dim': 37, 'batch_size': 287, 'transform_funcs': (0, 6, 8)}"
103397,15c2c7aa,0.7556689342403629,"{'temperature_head': 0.5, 'latent_dim': 19, 'batch_size': 248, 'transform_funcs': (0, 2, 5)}"
103513,1a4526b1,0.7040816326530612,"{'temperature_head': 0.8, 'latent_dim': 66, 'batch_size': 218, 'transform_funcs': (2, 4, 7)}"
103660,f7bdebce,0.7188208616780045,"{'temperature_head': 0.7000000000000001, 'latent_dim': 52, 'batch_size': 236, 'transform_funcs': (0, 7, 8)}"
103675,506a8ff0,0.7001133786848073,"{'temperature_head': 0.7000000000000001, 'latent_dim': 29, 'batch_size': 207, 'transform_funcs': (1, 5, 11)}"
103716,b9410bef,0.70578231292517,"{'temperature_head': 0.8, 'latent_dim': 6, 'batch_size': 256, 'transform_funcs': (3, 4, 9)}"
104012,14f0eb3b,0.7114512471655329,"{'temperature_head': 0.7000000000000001, 'latent_dim': 16, 'batch_size': 280, 'transform_funcs': (2, 6, 9)}"
104029,d2a6caf7,0.719954648526077,"{'temperature_head': 0.6000000000000001, 'latent_dim': 60, 'batch_size': 308, 'transform_funcs': (2, 3, 6)}"
104165,7a0868f5,0.7341269841269841,"{'temperature_head': 0.8, 'latent_dim': 39, 'batch_size': 294, 'transform_funcs': (3, 4, 6)}"
104273,527ee30e,0.7205215419501134,"{'temperature_head': 0.6000000000000001, 'latent_dim': 264, 'batch_size': 316, 'transform_funcs': (1, 7, 11)}"
104421,72eadee0,0.7001133786848073,"{'temperature_head': 0.6000000000000001, 'latent_dim': 72, 'batch_size': 223, 'transform_funcs': (2, 9, 10)}"
104426,056b213a,0.7108843537414966,"{'temperature_head': 0.7000000000000001, 'latent_dim': 23, 'batch_size': 260, 'transform_funcs': (1, 2, 7)}"
104537,00468228,0.7653061224489796,"{'temperature_head': 0.8, 'latent_dim': 9, 'batch_size': 235, 'transform_funcs': (3, 6, 11)}"
104554,21ac1787,0.7267573696145124,"{'temperature_head': 0.7000000000000001, 'latent_dim': 2, 'batch_size': 246, 'transform_funcs': (1, 3, 8)}"
104659,1f839e9a,0.685374149659864,"{'temperature_head': 0.5, 'latent_dim': 48, 'batch_size': 251, 'transform_funcs': (3, 5, 10)}"
104912,bda591a5,0.7091836734693877,"{'temperature_head': 0.8, 'latent_dim': 35, 'batch_size': 269, 'transform_funcs': (2, 8, 10)}"
105075,4cf5731c,0.7040816326530612,"{'temperature_head': 0.6000000000000001, 'latent_dim': 28, 'batch_size': 216, 'transform_funcs': (3, 8, 9)}"
105107,6d6d2032,0.6961451247165533,"{'temperature_head': 0.9, 'latent_dim': 55, 'batch_size': 276, 'transform_funcs': (0, 4, 6)}"
105124,455121ac,0.6984126984126984,"{'temperature_head': 0.7000000000000001, 'latent_dim': 62, 'batch_size': 200, 'transform_funcs': (2, 8, 9)}"
105191,bac71639,0.6887755102040817,"{'temperature_head': 0.6000000000000001, 'latent_dim': 44, 'batch_size': 226, 'transform_funcs': (5, 8, 10)}"
105375,93399ef7,0.7069160997732427,"{'temperature_head': 0.8, 'latent_dim': 22, 'batch_size': 241, 'transform_funcs': (0, 2, 10)}"
105496,795e870f,0.7188208616780045,"{'temperature_head': 0.7000000000000001, 'latent_dim': 17, 'batch_size': 299, 'transform_funcs': (2, 4, 11)}"
105817,9df705ea,0.7001133786848073,"{'temperature_head': 0.7000000000000001, 'latent_dim': 69, 'batch_size': 288, 'transform_funcs': (3, 8, 10)}"
105856,fde76c21,0.6893990929705216,"{'temperature_head': 0.5, 'latent_dim': 81, 'batch_size': 265, 'transform_funcs': (3, 7, 11)}"
105883,9bc901fe,0.7018140589569161,"{'temperature_head': 0.7000000000000001, 'latent_dim': 33, 'batch_size': 192, 'transform_funcs': (2, 6, 8)}"
105885,81b5ce8c,0.7086167800453514,"{'temperature_head': 0.8, 'latent_dim': 49, 'batch_size': 209, 'transform_funcs': (0, 5, 7)}"
106005,1e5dfebc,0.6893424036281179,"{'temperature_head': 0.6000000000000001, 'latent_dim': 13, 'batch_size': 252, 'transform_funcs': (0, 10, 11)}"
106378,6cde7ed2,0.6797052154195011,"{'temperature_head': 0.7000000000000001, 'latent_dim': 2, 'batch_size': 328, 'transform_funcs': (4, 7, 11)}"
106481,7e07a908,0.7131519274376418,"{'temperature_head': 0.8, 'latent_dim': 25, 'batch_size': 260, 'transform_funcs': (1, 9, 10)}"
106483,2cfc3aef,0.7613378684807256,"{'temperature_head': 0.4, 'latent_dim': 41, 'batch_size': 236, 'transform_funcs': (1, 7, 8)}"
106542,e6ab5be8,0.7040816326530612,"{'temperature_head': 0.9, 'latent_dim': 56, 'batch_size': 244, 'transform_funcs': (1, 4, 8)}"
106760,c44e76f4,0.6666666666666666,"{'temperature_head': 0.1, 'latent_dim': 62, 'batch_size': 229, 'transform_funcs': (0, 3, 6)}"
106970,092d315e,0.7108843537414966,"{'temperature_head': 0.6000000000000001, 'latent_dim': 31, 'batch_size': 275, 'transform_funcs': (1, 9, 11)}"
106972,edc92b38,0.7080498866213152,"{'temperature_head': 0.8, 'latent_dim': 37, 'batch_size': 220, 'transform_funcs': (0, 1, 4)}"
107069,f731029c,0.70578231292517,"{'temperature_head': 0.5, 'latent_dim': 51, 'batch_size': 212, 'transform_funcs': (3, 6, 10)}"
107174,683d715f,0.7171201814058957,"{'temperature_head': 0.7000000000000001, 'latent_dim': 74, 'batch_size': 308, 'transform_funcs': (1, 4, 7)}"
107391,22bdd948,0.7116213151927439,"{'temperature_head': 0.5, 'latent_dim': 9, 'batch_size': 253, 'transform_funcs': (2, 4, 8)}"
107400,56e6cb12,0.7290249433106576,"{'temperature_head': 0.8, 'latent_dim': 44, 'batch_size': 198, 'transform_funcs': (0, 3, 9)}"
107469,021d52b4,0.6836734693877551,"{'temperature_head': 0.7000000000000001, 'latent_dim': 20, 'batch_size': 290, 'transform_funcs': (3, 7, 9)}"
107664,264a4218,0.70578231292517,"{'temperature_head': 0.6000000000000001, 'latent_dim': 26, 'batch_size': 187, 'transform_funcs': (0, 9, 11)}"
107922,a4a72512,0.7392290249433107,"{'temperature_head': 0.8, 'latent_dim': 86, 'batch_size': 264, 'transform_funcs': (0, 2, 8)}"
108058,db8d049d,0.7193877551020408,"{'temperature_head': 0.7000000000000001, 'latent_dim': 37, 'batch_size': 245, 'transform_funcs': (0, 5, 9)}"
108087,752551f5,0.7488662131519275,"{'temperature_head': 0.7000000000000001, 'latent_dim': 58, 'batch_size': 205, 'transform_funcs': (2, 7, 10)}"
108312,a5e96368,0.7551020408163265,"{'temperature_head': 0.9, 'latent_dim': 146, 'batch_size': 232, 'transform_funcs': (5, 10, 11)}"
108374,3045576a,0.7074829931972789,"{'temperature_head': 0.4, 'latent_dim': 68, 'batch_size': 282, 'transform_funcs': (1, 3, 11)}"
108555,b85348a7,0.7097505668934241,"{'temperature_head': 0.6000000000000001, 'latent_dim': 77, 'batch_size': 270, 'transform_funcs': (1, 2, 9)}"
108629,065b0553,0.7023809523809523,"{'temperature_head': 0.8, 'latent_dim': 30, 'batch_size': 299, 'transform_funcs': (2, 10, 11)}"
108756,3c4a91f6,0.713718820861678,"{'temperature_head': 0.7000000000000001, 'latent_dim': 52, 'batch_size': 214, 'transform_funcs': (0, 6, 7)}"
108896,588e6cbc,0.7284580498866213,"{'temperature_head': 0.8, 'latent_dim': 44, 'batch_size': 226, 'transform_funcs': (1, 2, 8)}"
108921,39f4954c,0.6848072562358276,"{'temperature_head': 0.5, 'latent_dim': 7, 'batch_size': 316, 'transform_funcs': (1, 2, 4)}"
108957,d03b9ee5,0.6825396825396826,"{'temperature_head': 0.6000000000000001, 'latent_dim': 12, 'batch_size': 259, 'transform_funcs': (1, 5, 6)}"
108971,161c4e0c,0.7023809523809523,"{'temperature_head': 0.2, 'latent_dim': 20, 'batch_size': 235, 'transform_funcs': (0, 5, 8)}"
109442,30882f7b,0.768140589569161,"{'temperature_head': 0.6000000000000001, 'latent_dim': 15, 'batch_size': 239, 'transform_funcs': (0, 5, 10)}"
109466,2e385cce,0.7086167800453514,"{'temperature_head': 0.7000000000000001, 'latent_dim': 64, 'batch_size': 278, 'transform_funcs': (7, 8, 9)}"
109520,7c94cbdf,0.70578231292517,"{'temperature_head': 0.8, 'latent_dim': 38, 'batch_size': 221, 'transform_funcs': (0, 8, 10)}"
109536,d8c549e0,0.7091836734693877,"{'temperature_head': 0.9, 'latent_dim': 48, 'batch_size': 251, 'transform_funcs': (0, 1, 11)}"
109958,4a100903,0.6689342403628118,"{'temperature_head': 0.7000000000000001, 'latent_dim': 2, 'batch_size': 205, 'transform_funcs': (5, 7, 8)}"
110038,c522028b,0.70578231292517,"{'temperature_head': 1.0, 'latent_dim': 232, 'batch_size': 269, 'transform_funcs': (4, 8, 9)}"
110079,c6ed08bf,0.7545351473922902,"{'temperature_head': 0.8, 'latent_dim': 31, 'batch_size': 293, 'transform_funcs': (2, 7, 9)}"
110081,3b4520e4,0.703514739229025,"{'temperature_head': 0.7000000000000001, 'latent_dim': 25, 'batch_size': 197, 'transform_funcs': (1, 2, 10)}"
110418,48d893a6,0.7108843537414966,"{'temperature_head': 0.7000000000000001, 'latent_dim': 104, 'batch_size': 258, 'transform_funcs': (1, 7, 10)}"
110581,c10c9f9b,0.7051020408163264,"{'temperature_head': 0.6000000000000001, 'latent_dim': 56, 'batch_size': 354, 'transform_funcs': (1, 2, 11)}"
110640,f171215d,0.6893424036281179,"{'temperature_head': 0.5, 'latent_dim': 81, 'batch_size': 182, 'transform_funcs': (2, 5, 6)}"
110698,3e201026,0.7031179138321997,"{'temperature_head': 0.6000000000000001, 'latent_dim': 71, 'batch_size': 248, 'transform_funcs': (3, 6, 9)}"
110961,d0287f03,0.7142857142857143,"{'temperature_head': 0.8, 'latent_dim': 134, 'batch_size': 336, 'transform_funcs': (0, 1, 5)}"
110984,8d8119f4,0.7063492063492064,"{'temperature_head': 0.9, 'latent_dim': 42, 'batch_size': 241, 'transform_funcs': (0, 4, 5)}"
111162,dfeca0d5,0.6959183673469387,"{'temperature_head': 0.8, 'latent_dim': 46, 'batch_size': 284, 'transform_funcs': (4, 6, 7)}"
111165,4d41da5a,0.7074829931972789,"{'temperature_head': 0.7000000000000001, 'latent_dim': 35, 'batch_size': 222, 'transform_funcs': (1, 2, 6)}"
111325,c264c9a4,0.6887755102040817,"{'temperature_head': 0.7000000000000001, 'latent_dim': 119, 'batch_size': 229, 'transform_funcs': (1, 6, 8)}"
111397,aacc3753,0.7165532879818595,"{'temperature_head': 0.9, 'latent_dim': 19, 'batch_size': 212, 'transform_funcs': (2, 5, 11)}"
111722,f425036e,0.7114512471655329,"{'temperature_head': 0.8, 'latent_dim': 97, 'batch_size': 275, 'transform_funcs': (1, 5, 8)}"
111858,5233119e,0.7063492063492064,"{'temperature_head': 0.7000000000000001, 'latent_dim': 52, 'batch_size': 255, 'transform_funcs': (1, 3, 6)}"
111886,cfbc7720,0.6752267573696146,"{'temperature_head': 0.5, 'latent_dim': 26, 'batch_size': 194, 'transform_funcs': (0, 4, 10)}"
111893,3d01f64a,0.6717687074829932,"{'temperature_head': 1.0, 'latent_dim': 90, 'batch_size': 309, 'transform_funcs': (6, 8, 10)}"
111928,f4bc3a93,0.699546485260771,"{'temperature_head': 0.6000000000000001, 'latent_dim': 64, 'batch_size': 321, 'transform_funcs': (8, 9, 10)}"
112010,8705cd96,0.6944444444444444,"{'temperature_head': 0.7000000000000001, 'latent_dim': 2, 'batch_size': 264, 'transform_funcs': (2, 4, 9)}"
112287,7905bfe3,0.6978458049886621,"{'temperature_head': 0.8, 'latent_dim': 11, 'batch_size': 234, 'transform_funcs': (1, 4, 11)}"
112437,4e6ef546,0.7097505668934241,"{'temperature_head': 0.4, 'latent_dim': 40, 'batch_size': 245, 'transform_funcs': (0, 4, 8)}"
112445,409b8cd1,0.7738095238095238,"{'temperature_head': 0.7000000000000001, 'latent_dim': 22, 'batch_size': 299, 'transform_funcs': (1, 3, 7)}"
112468,9eb8cbeb,0.7046485260770975,"{'temperature_head': 0.8, 'latent_dim': 31, 'batch_size': 189, 'transform_funcs': (1, 5, 7)}"
112571,7b024f7a,0.7448979591836735,"{'temperature_head': 0.6000000000000001, 'latent_dim': 57, 'batch_size': 218, 'transform_funcs': (6, 8, 11)}"
112846,cc4add5f,0.7080498866213152,"{'temperature_head': 0.7000000000000001, 'latent_dim': 7, 'batch_size': 202, 'transform_funcs': (6, 8, 9)}"
112955,13ccfdd9,0.6961451247165533,"{'temperature_head': 0.6000000000000001, 'latent_dim': 16, 'batch_size': 163, 'transform_funcs': (3, 4, 8)}"
112987,82e64c28,0.7205215419501134,"{'temperature_head': 0.9, 'latent_dim': 61, 'batch_size': 290, 'transform_funcs': (1, 10, 11)}"
113048,46024cc8,0.7120181405895691,"{'temperature_head': 0.7000000000000001, 'latent_dim': 46, 'batch_size': 270, 'transform_funcs': (0, 7, 11)}"
113174,c3c17793,0.7312925170068028,"{'temperature_head': 0.5, 'latent_dim': 73, 'batch_size': 229, 'transform_funcs': (0, 2, 3)}"
113366,cbe83040,0.7018140589569161,"{'temperature_head': 0.8, 'latent_dim': 34, 'batch_size': 175, 'transform_funcs': (3, 4, 11)}"
113640,0311aa56,0.7006802721088435,"{'temperature_head': 0.6000000000000001, 'latent_dim': 52, 'batch_size': 281, 'transform_funcs': (3, 5, 9)}"
113675,5cdce4fa,0.7173469387755103,"{'temperature_head': 0.7000000000000001, 'latent_dim': 28, 'batch_size': 240, 'transform_funcs': (3, 9, 10)}"
113681,998e087a,0.7159863945578231,"{'temperature_head': 0.8, 'latent_dim': 66, 'batch_size': 252, 'transform_funcs': (0, 1, 8)}"
113765,7de06282,0.7125850340136054,"{'temperature_head': 0.6000000000000001, 'latent_dim': 77, 'batch_size': 262, 'transform_funcs': (2, 3, 8)}"
113871,43bd900c,0.7057256235827664,"{'temperature_head': 0.7000000000000001, 'latent_dim': 40, 'batch_size': 493, 'transform_funcs': (0, 5, 6)}"
114237,e915b030,0.7250566893424036,"{'temperature_head': 0.5, 'latent_dim': 16, 'batch_size': 216, 'transform_funcs': (5, 6, 8)}"
114333,e4d41266,0.7090702947845805,"{'temperature_head': 0.9, 'latent_dim': 60, 'batch_size': 272, 'transform_funcs': (0, 1, 10)}"
114366,004e86ee,0.713718820861678,"{'temperature_head': 0.6000000000000001, 'latent_dim': 35, 'batch_size': 245, 'transform_funcs': (6, 10, 11)}"
114371,79969344,0.719954648526077,"{'temperature_head': 0.8, 'latent_dim': 85, 'batch_size': 228, 'transform_funcs': (0, 3, 7)}"
114377,dfd9333f,0.7210884353741497,"{'temperature_head': 0.8, 'latent_dim': 47, 'batch_size': 209, 'transform_funcs': (7, 9, 10)}"
114645,472af8c8,0.6984126984126984,"{'temperature_head': 0.8, 'latent_dim': 2, 'batch_size': 259, 'transform_funcs': (1, 3, 10)}"
114667,ce3a3a63,0.7045351473922903,"{'temperature_head': 0.7000000000000001, 'latent_dim': 24, 'batch_size': 456, 'transform_funcs': (7, 8, 10)}"
114750,e152006b,0.7131519274376418,"{'temperature_head': 0.8, 'latent_dim': 11, 'batch_size': 223, 'transform_funcs': (0, 2, 9)}"
114893,aead6e55,0.6904761904761905,"{'temperature_head': 0.7000000000000001, 'latent_dim': 41, 'batch_size': 291, 'transform_funcs': (1, 4, 5)}"
114909,5f68f5eb,0.6882086167800453,"{'temperature_head': 0.7000000000000001, 'latent_dim': 55, 'batch_size': 236, 'transform_funcs': (4, 7, 8)}"
115269,d6c12299,0.6910430839002267,"{'temperature_head': 0.9, 'latent_dim': 30, 'batch_size': 252, 'transform_funcs': (1, 6, 11)}"
115425,0f53f586,0.7290249433106576,"{'temperature_head': 0.4, 'latent_dim': 67, 'batch_size': 281, 'transform_funcs': (0, 8, 11)}"
115510,121778f2,0.7018140589569161,"{'temperature_head': 0.5, 'latent_dim': 38, 'batch_size': 266, 'transform_funcs': (0, 7, 9)}"
115533,7e850526,0.7148526077097506,"{'temperature_head': 0.7000000000000001, 'latent_dim': 50, 'batch_size': 154, 'transform_funcs': (0, 6, 9)}"
115587,987fa9f8,0.7256235827664399,"{'temperature_head': 0.6000000000000001, 'latent_dim': 185, 'batch_size': 303, 'transform_funcs': (5, 8, 9)}"
115945,152bc014,0.6927437641723356,"{'temperature_head': 0.7000000000000001, 'latent_dim': 22, 'batch_size': 205, 'transform_funcs': (1, 2, 3)}"
115987,fdcc26a0,0.7063492063492064,"{'temperature_head': 0.6000000000000001, 'latent_dim': 158, 'batch_size': 346, 'transform_funcs': (0, 2, 4)}"
116087,6a7360a3,0.6904761904761904,"{'temperature_head': 0.8, 'latent_dim': 111, 'batch_size': 189, 'transform_funcs': (1, 4, 6)}"
116217,c4900181,0.7023809523809523,"{'temperature_head': 0.9, 'latent_dim': 93, 'batch_size': 242, 'transform_funcs': (4, 5, 11)}"
116240,a2fe8da7,0.7165532879818595,"{'temperature_head': 0.8, 'latent_dim': 79, 'batch_size': 216, 'transform_funcs': (1, 7, 9)}"
116623,b191568c,0.7653061224489796,"{'temperature_head': 1.0, 'latent_dim': 44, 'batch_size': 181, 'transform_funcs': (7, 10, 11)}"
116641,526eec1b,0.7392290249433107,"{'temperature_head': 0.6000000000000001, 'latent_dim': 17, 'batch_size': 233, 'transform_funcs': (3, 7, 10)}"
116879,0414cf06,0.70578231292517,"{'temperature_head': 0.5, 'latent_dim': 60, 'batch_size': 277, 'transform_funcs': (3, 7, 8)}"
116928,02d0808f,0.6899092970521542,"{'temperature_head': 0.7000000000000001, 'latent_dim': 124, 'batch_size': 313, 'transform_funcs': (0, 3, 10)}"
116931,34f1800d,0.7182539682539683,"{'temperature_head': 0.8, 'latent_dim': 71, 'batch_size': 199, 'transform_funcs': (5, 7, 11)}"
117046,5ff5ed4c,0.7280045351473923,"{'temperature_head': 0.7000000000000001, 'latent_dim': 6, 'batch_size': 258, 'transform_funcs': (4, 9, 11)}"
117107,4e2fc5a8,0.7089002267573696,"{'temperature_head': 0.7000000000000001, 'latent_dim': 27, 'batch_size': 223, 'transform_funcs': (5, 6, 10)}"
117438,2c74ddfa,0.721655328798186,"{'temperature_head': 0.8, 'latent_dim': 33, 'batch_size': 249, 'transform_funcs': (4, 10, 11)}"
117478,2d8d8b8f,0.7290249433106576,"{'temperature_head': 0.7000000000000001, 'latent_dim': 13, 'batch_size': 263, 'transform_funcs': (2, 4, 5)}"
117615,7a04b8b3,0.717687074829932,"{'temperature_head': 0.9, 'latent_dim': 21, 'batch_size': 171, 'transform_funcs': (3, 9, 11)}"
117710,da8d7c79,0.703514739229025,"{'temperature_head': 0.7000000000000001, 'latent_dim': 52, 'batch_size': 210, 'transform_funcs': (0, 4, 9)}"
117850,a0c7fdeb,0.7063492063492064,"{'temperature_head': 0.6000000000000001, 'latent_dim': 212, 'batch_size': 324, 'transform_funcs': (0, 2, 5)}"
118016,d098b461,0.7658730158730159,"{'temperature_head': 0.6000000000000001, 'latent_dim': 47, 'batch_size': 285, 'transform_funcs': (2, 9, 11)}"
118147,fd168763,0.721655328798186,"{'temperature_head': 0.7000000000000001, 'latent_dim': 35, 'batch_size': 240, 'transform_funcs': (1, 3, 8)}"
118239,dfc70f87,0.7335600907029478,"{'temperature_head': 0.8, 'latent_dim': 99, 'batch_size': 297, 'transform_funcs': (0, 5, 11)}"
118275,cf9f9b44,0.7001133786848073,"{'temperature_head': 0.4, 'latent_dim': 58, 'batch_size': 232, 'transform_funcs': (2, 4, 10)}"
118547,fd0831c6,0.7471655328798186,"{'temperature_head': 0.8, 'latent_dim': 83, 'batch_size': 273, 'transform_funcs': (4, 6, 11)}"
118622,89badf06,0.6918367346938776,"{'temperature_head': 0.6000000000000001, 'latent_dim': 65, 'batch_size': 256, 'transform_funcs': (0, 1, 2)}"
118769,4336f2c2,0.70578231292517,"{'temperature_head': 0.5, 'latent_dim': 42, 'batch_size': 225, 'transform_funcs': (1, 8, 11)}"
118847,26e61aab,0.6904761904761905,"{'temperature_head': 0.7000000000000001, 'latent_dim': 27, 'batch_size': 197, 'transform_funcs': (0, 9, 10)}"
118904,e28daccd,0.6859410430839002,"{'temperature_head': 0.6000000000000001, 'latent_dim': 7, 'batch_size': 266, 'transform_funcs': (1, 3, 4)}"
119158,c3220d17,0.7726757369614512,"{'temperature_head': 0.9, 'latent_dim': 53, 'batch_size': 305, 'transform_funcs': (4, 8, 10)}"
119194,345e7000,0.685374149659864,"{'temperature_head': 0.8, 'latent_dim': 174, 'batch_size': 247, 'transform_funcs': (5, 7, 10)}"
119336,f94f9faa,0.7414965986394558,"{'temperature_head': 0.7000000000000001, 'latent_dim': 36, 'batch_size': 215, 'transform_funcs': (1, 3, 5)}"
119412,1c12f1d5,0.7001133786848073,"{'temperature_head': 0.6000000000000001, 'latent_dim': 18, 'batch_size': 192, 'transform_funcs': (4, 7, 9)}"
119427,13ab4ad0,0.6836734693877551,"{'temperature_head': 0.8, 'latent_dim': 73, 'batch_size': 288, 'transform_funcs': (2, 3, 11)}"
119619,1fa2b136,0.6972789115646258,"{'temperature_head': 0.7000000000000001, 'latent_dim': 30, 'batch_size': 332, 'transform_funcs': (4, 5, 7)}"
119801,a6e004f6,0.6967120181405896,"{'temperature_head': 0.5, 'latent_dim': 89, 'batch_size': 236, 'transform_funcs': (3, 4, 5)}"
119862,ab59885b,0.6899092970521542,"{'temperature_head': 0.8, 'latent_dim': 47, 'batch_size': 252, 'transform_funcs': (6, 7, 8)}"
119911,d0d4cfb8,0.6967120181405896,"{'temperature_head': 0.9, 'latent_dim': 40, 'batch_size': 211, 'transform_funcs': (5, 6, 11)}"
120039,5761f19c,0.7307256235827665,"{'temperature_head': 0.8, 'latent_dim': 13, 'batch_size': 202, 'transform_funcs': (0, 5, 10)}"
120146,7d8510f5,0.7097505668934241,"{'temperature_head': 0.7000000000000001, 'latent_dim': 104, 'batch_size': 275, 'transform_funcs': (6, 7, 11)}"
120187,9a196317,0.731859410430839,"{'temperature_head': 0.6000000000000001, 'latent_dim': 2, 'batch_size': 221, 'transform_funcs': (1, 6, 9)}"
120335,d9a0ec24,0.6845804988662132,"{'temperature_head': 0.8, 'latent_dim': 23, 'batch_size': 178, 'transform_funcs': (2, 5, 8)}"
120571,9efd7c62,0.7159863945578231,"{'temperature_head': 0.7000000000000001, 'latent_dim': 63, 'batch_size': 244, 'transform_funcs': (0, 8, 9)}"
120751,bdd2f7b9,0.7142857142857143,"{'temperature_head': 0.7000000000000001, 'latent_dim': 68, 'batch_size': 229, 'transform_funcs': (2, 3, 5)}"
120793,b30bcb6f,0.6678004535147393,"{'temperature_head': 0.4, 'latent_dim': 54, 'batch_size': 267, 'transform_funcs': (3, 5, 7)}"
120870,65fcc67b,0.6524943310657596,"{'temperature_head': 0.5, 'latent_dim': 31, 'batch_size': 297, 'transform_funcs': (0, 1, 3)}"
120874,0e9b0fe4,0.6740362811791383,"{'temperature_head': 0.30000000000000004, 'latent_dim': 77, 'batch_size': 163, 'transform_funcs': (0, 6, 10)}"
121073,69e32621,0.7082766439909297,"{'temperature_head': 0.6000000000000001, 'latent_dim': 44, 'batch_size': 283, 'transform_funcs': (0, 3, 4)}"
121115,2db9dde0,0.6649659863945578,"{'temperature_head': 0.9, 'latent_dim': 7, 'batch_size': 258, 'transform_funcs': (2, 3, 9)}"
121427,524477b8,0.6870748299319728,"{'temperature_head': 0.6000000000000001, 'latent_dim': 37, 'batch_size': 319, 'transform_funcs': (1, 2, 4)}"
121573,5f7065eb,0.719954648526077,"{'temperature_head': 0.7000000000000001, 'latent_dim': 58, 'batch_size': 241, 'transform_funcs': (5, 9, 10)}"
121600,03549f9a,0.7687074829931972,"{'temperature_head': 0.7000000000000001, 'latent_dim': 25, 'batch_size': 207, 'transform_funcs': (2, 5, 10)}"
121731,b8bd85f1,0.7029478458049887,"{'temperature_head': 0.8, 'latent_dim': 130, 'batch_size': 250, 'transform_funcs': (0, 4, 5)}"
121894,3955373b,0.7012471655328798,"{'temperature_head': 0.8, 'latent_dim': 17, 'batch_size': 188, 'transform_funcs': (9, 10, 11)}"
121935,65de99eb,0.6955782312925171,"{'temperature_head': 1.0, 'latent_dim': 140, 'batch_size': 310, 'transform_funcs': (4, 9, 10)}"
122108,deb54840,0.685374149659864,"{'temperature_head': 0.7000000000000001, 'latent_dim': 11, 'batch_size': 219, 'transform_funcs': (5, 6, 9)}"
122165,b87e334e,0.6643990929705216,"{'temperature_head': 0.6000000000000001, 'latent_dim': 51, 'batch_size': 269, 'transform_funcs': (4, 6, 10)}"
122167,5ca50fe0,0.6904761904761905,"{'temperature_head': 0.5, 'latent_dim': 42, 'batch_size': 232, 'transform_funcs': (3, 6, 7)}"
122410,bf1a6e91,0.6785714285714286,"{'temperature_head': 0.8, 'latent_dim': 32, 'batch_size': 291, 'transform_funcs': (1, 4, 9)}"
122496,0959a400,0.6859410430839002,"{'temperature_head': 0.7000000000000001, 'latent_dim': 48, 'batch_size': 277, 'transform_funcs': (3, 10, 11)}"
122517,a4c31c30,0.7380952380952381,"{'temperature_head': 0.8, 'latent_dim': 21, 'batch_size': 261, 'transform_funcs': (2, 3, 4)}"
122870,1c58b68c,0.7063492063492064,"{'temperature_head': 0.6000000000000001, 'latent_dim': 84, 'batch_size': 250, 'transform_funcs': (1, 5, 9)}"
122980,321475bf,0.7154195011337868,"{'temperature_head': 0.9, 'latent_dim': 117, 'batch_size': 226, 'transform_funcs': (0, 3, 11)}"
123023,316c976a,0.7273242630385488,"{'temperature_head': 0.7000000000000001, 'latent_dim': 27, 'batch_size': 185, 'transform_funcs': (0, 2, 4)}"
123141,ce832c38,0.746031746031746,"{'temperature_head': 0.7000000000000001, 'latent_dim': 64, 'batch_size': 236, 'transform_funcs': (5, 10, 11)}"
123214,ba93ad0b,0.7431972789115646,"{'temperature_head': 0.9, 'latent_dim': 71, 'batch_size': 138, 'transform_funcs': (0, 1, 7)}"
123463,d4da2a17,0.7006802721088435,"{'temperature_head': 0.5, 'latent_dim': 40, 'batch_size': 203, 'transform_funcs': (1, 4, 10)}"
123740,25c2b5a3,0.699546485260771,"{'temperature_head': 0.8, 'latent_dim': 108, 'batch_size': 241, 'transform_funcs': (0, 2, 7)}"
123742,9fc1703d,0.7658730158730159,"{'temperature_head': 0.6000000000000001, 'latent_dim': 36, 'batch_size': 281, 'transform_funcs': (2, 5, 7)}"
123822,4cb054f3,0.6989795918367347,"{'temperature_head': 0.8, 'latent_dim': 152, 'batch_size': 216, 'transform_funcs': (2, 8, 11)}"
123861,b01330cf,0.7171201814058957,"{'temperature_head': 0.4, 'latent_dim': 57, 'batch_size': 256, 'transform_funcs': (0, 7, 10)}"
123886,0f67c357,0.6921768707482994,"{'temperature_head': 0.7000000000000001, 'latent_dim': 14, 'batch_size': 196, 'transform_funcs': (0, 1, 9)}"
124314,4000c980,0.6950113378684807,"{'temperature_head': 0.7000000000000001, 'latent_dim': 6, 'batch_size': 171, 'transform_funcs': (1, 8, 10)}"
124365,5bd97a05,0.7023809523809523,"{'temperature_head': 1.0, 'latent_dim': 48, 'batch_size': 268, 'transform_funcs': (0, 4, 7)}"
124399,2ee07a08,0.7426303854875284,"{'temperature_head': 0.7000000000000001, 'latent_dim': 19, 'batch_size': 209, 'transform_funcs': (0, 4, 11)}"
124411,57d8842a,0.7091836734693877,"{'temperature_head': 0.6000000000000001, 'latent_dim': 97, 'batch_size': 297, 'transform_funcs': (2, 3, 7)}"
124543,c6f83a21,0.7147392290249432,"{'temperature_head': 0.8, 'latent_dim': 79, 'batch_size': 226, 'transform_funcs': (1, 3, 9)}"
